# Output file for prepro_v_0
# An input file for nodes and element information.
# number of nodes
# node_ID material x y (z)
NODE
64
0 A 0.0 0.0
1 A 10.0 0.0
2 A 20.0 0.0
3 A 30.0 0.0
4 A 40.0 0.0
5 A 50.0 0.0
6 A 60.0 0.0
7 A 70.0 0.0
8 A 5.0 8.66025403784
9 A 15.0 8.66025403784
10 A 25.0 8.66025403784
11 A 35.0 8.66025403784
12 A 45.0 8.66025403784
13 A 55.0 8.66025403784
14 A 65.0 8.66025403784
15 A 75.0 8.66025403784
16 A 0.0 17.3205080757
17 A 10.0 17.3205080757
18 A 20.0 17.3205080757
19 A 30.0 17.3205080757
20 A 40.0 17.3205080757
21 A 50.0 17.3205080757
22 A 60.0 17.3205080757
23 A 70.0 17.3205080757
24 A 5.0 25.9807621135
25 A 15.0 25.9807621135
26 A 25.0 25.9807621135
27 A 35.0 25.9807621135
28 A 45.0 25.9807621135
29 A 55.0 25.9807621135
30 A 65.0 25.9807621135
31 A 75.0 25.9807621135
32 B 0.0 34.6410161514
33 B 10.0 34.6410161514
34 B 20.0 34.6410161514
35 B 30.0 34.6410161514
36 B 40.0 34.6410161514
37 B 50.0 34.6410161514
38 B 60.0 34.6410161514
39 B 70.0 34.6410161514
40 B 5.0 43.3012701892
41 B 15.0 43.3012701892
42 B 25.0 43.3012701892
43 B 35.0 43.3012701892
44 B 45.0 43.3012701892
45 B 55.0 43.3012701892
46 B 65.0 43.3012701892
47 B 75.0 43.3012701892
48 B 0.0 51.9615242271
49 B 10.0 51.9615242271
50 B 20.0 51.9615242271
51 B 30.0 51.9615242271
52 B 40.0 51.9615242271
53 B 50.0 51.9615242271
54 B 60.0 51.9615242271
55 B 70.0 51.9615242271
56 B 5.0 60.6217782649
57 B 15.0 60.6217782649
58 B 25.0 60.6217782649
59 B 35.0 60.6217782649
60 B 45.0 60.6217782649
61 B 55.0 60.6217782649
62 B 65.0 60.6217782649
63 B 75.0 60.6217782649

# number of elements
# elem_ID node_id_i node_id_j interface
ELEMENT
161
0 0 1 A-A
1 0 8 A-A
2 1 2 A-A
3 1 8 A-A
4 1 9 A-A
5 2 3 A-A
6 2 9 A-A
7 2 10 A-A
8 3 4 A-A
9 3 10 A-A
10 3 11 A-A
11 4 5 A-A
12 4 11 A-A
13 4 12 A-A
14 5 6 A-A
15 5 12 A-A
16 5 13 A-A
17 6 7 A-A
18 6 13 A-A
19 6 14 A-A
20 7 14 A-A
21 7 15 A-A
22 8 9 A-A
23 8 16 A-A
24 8 17 A-A
25 9 10 A-A
26 9 17 A-A
27 9 18 A-A
28 10 11 A-A
29 10 18 A-A
30 10 19 A-A
31 11 12 A-A
32 11 19 A-A
33 11 20 A-A
34 12 13 A-A
35 12 20 A-A
36 12 21 A-A
37 13 14 A-A
38 13 21 A-A
39 13 22 A-A
40 14 15 A-A
41 14 22 A-A
42 14 23 A-A
43 15 23 A-A
44 16 17 A-A
45 16 24 A-A
46 17 18 A-A
47 17 24 A-A
48 17 25 A-A
49 18 19 A-A
50 18 25 A-A
51 18 26 A-A
52 19 20 A-A
53 19 26 A-A
54 19 27 A-A
55 20 21 A-A
56 20 27 A-A
57 20 28 A-A
58 21 22 A-A
59 21 28 A-A
60 21 29 A-A
61 22 23 A-A
62 22 29 A-A
63 22 30 A-A
64 23 30 A-A
65 23 31 A-A
66 24 25 A-A
67 24 32 A-B
68 24 33 A-B
69 25 26 A-A
70 25 33 A-B
71 25 34 A-B
72 26 27 A-A
73 26 34 A-B
74 26 35 AxB
75 27 28 A-A
76 27 35 AxB
77 27 36 AxB
78 28 29 A-A
79 28 36 AxB
80 28 37 AxB
81 29 30 A-A
82 29 37 AxB
83 29 38 A-B
84 30 31 A-A
85 30 38 A-B
86 30 39 A-B
87 31 39 A-B
88 32 33 B-B
89 32 40 B-B
90 33 34 B-B
91 33 40 B-B
92 33 41 B-B
93 34 35 B-B
94 34 41 B-B
95 34 42 B-B
96 35 36 B-B
97 35 42 B-B
98 35 43 B-B
99 36 37 B-B
100 36 43 B-B
101 36 44 B-B
102 37 38 B-B
103 37 44 B-B
104 37 45 B-B
105 38 39 B-B
106 38 45 B-B
107 38 46 B-B
108 39 46 B-B
109 39 47 B-B
110 40 41 B-B
111 40 48 B-B
112 40 49 B-B
113 41 42 B-B
114 41 49 B-B
115 41 50 B-B
116 42 43 B-B
117 42 50 B-B
118 42 51 B-B
119 43 44 B-B
120 43 51 B-B
121 43 52 B-B
122 44 45 B-B
123 44 52 B-B
124 44 53 B-B
125 45 46 B-B
126 45 53 B-B
127 45 54 B-B
128 46 47 B-B
129 46 54 B-B
130 46 55 B-B
131 47 55 B-B
132 48 49 B-B
133 48 56 B-B
134 49 50 B-B
135 49 56 B-B
136 49 57 B-B
137 50 51 B-B
138 50 57 B-B
139 50 58 B-B
140 51 52 B-B
141 51 58 B-B
142 51 59 B-B
143 52 53 B-B
144 52 59 B-B
145 52 60 B-B
146 53 54 B-B
147 53 60 B-B
148 53 61 B-B
149 54 55 B-B
150 54 61 B-B
151 54 62 B-B
152 55 62 B-B
153 55 63 B-B
154 56 57 B-B
155 57 58 B-B
156 58 59 B-B
157 59 60 B-B
158 60 61 B-B
159 61 62 B-B
160 62 63 B-B

# number of boundaries
# boundary_name boundary_node_number boundary_node_list
BOUNDARY
2
TOP
8
56
57
58
59
60
61
62
63
BOTTOM
8
0
1
2
3
4
5
6
7
