node0:[ -1.30904006e-07  -3.25000675e-01  -2.23928904e-07]
node1:[  2.00000000e+00  -3.25001351e-01   2.48091436e-09]
node2:[  4.00000000e+00  -3.25001351e-01   2.48905762e-09]
node3:[  6.00000000e+00  -3.25001351e-01   2.49721346e-09]
node4:[  8.00000000e+00  -3.25001351e-01   2.50538203e-09]
node5:[  1.00000000e+01  -3.25001351e-01   2.51356333e-09]
node6:[  1.20000000e+01  -3.25001351e-01   2.52175739e-09]
node7:[  1.40000000e+01  -3.25001351e-01   2.52996421e-09]
node8:[  1.60000000e+01  -3.25001351e-01   2.53818379e-09]
node9:[  1.80000000e+01  -3.25001351e-01   2.54641617e-09]
node10:[  2.00000000e+01  -3.25001351e-01   2.55466134e-09]
node11:[  2.20000000e+01  -3.25001351e-01   2.56291931e-09]
node12:[  2.40000000e+01  -3.25001351e-01   2.57119011e-09]
node13:[  2.60000000e+01  -3.25001351e-01   2.57947374e-09]
node14:[  2.80000000e+01  -3.25001351e-01   2.58777021e-09]
node15:[  3.00000000e+01  -3.25001351e-01   2.59607953e-09]
node16:[  3.20000000e+01  -3.25001351e-01   2.60440173e-09]
node17:[  3.40000000e+01  -3.25001351e-01   2.61273679e-09]
node18:[  3.60000000e+01  -3.25001351e-01   2.62108475e-09]
node19:[  3.80000000e+01  -3.25001351e-01   2.62944561e-09]
node20:[  4.00000000e+01  -3.25001351e-01   2.63781938e-09]
node21:[  4.20000000e+01  -3.25001351e-01   2.64620608e-09]
node22:[  4.40000000e+01  -3.25001351e-01   2.65460571e-09]
node23:[  4.60000000e+01  -3.25001351e-01   2.66301829e-09]
node24:[  4.80000000e+01  -3.25001351e-01   2.67144383e-09]
node25:[  5.00000000e+01  -3.25001351e-01   2.67988234e-09]
node26:[  5.20000000e+01  -3.25001351e-01   2.68833383e-09]
node27:[  5.40000000e+01  -3.25001351e-01   2.69679832e-09]
node28:[  5.60000000e+01  -3.25001351e-01   2.70527581e-09]
node29:[  5.80000000e+01  -3.25001351e-01   2.71376633e-09]
node30:[  6.00000000e+01  -3.25001351e-01   2.72226987e-09]
node31:[  6.20000000e+01  -3.25001351e-01   2.73078645e-09]
node32:[  6.40000000e+01  -3.25001351e-01   2.73931609e-09]
node33:[  6.60000000e+01  -3.25001351e-01   2.74785879e-09]
node34:[  6.80000000e+01  -3.25001351e-01   2.75641457e-09]
node35:[  7.00000000e+01  -3.25001351e-01   2.76498344e-09]
node36:[  7.20000000e+01  -3.25001351e-01   2.77356541e-09]
node37:[  7.40000000e+01  -3.25001351e-01   2.78216049e-09]
node38:[  7.60000000e+01  -3.25001351e-01   2.79076734e-09]
node39:[  7.80000000e+01  -3.25001351e-01   2.79737467e-09]
node40:[ 0.99994309  1.73208349  0.00540914]
node41:[ 2.99994272  1.7320837   0.00548756]
node42:[ 4.99994235  1.73208391  0.00556645]
node43:[  6.99994198e+00   1.73208412e+00   5.64585084e-03]
node44:[  8.99994162e+00   1.73208433e+00   5.72575333e-03]
node45:[  1.09999412e+01   1.73208454e+00   5.80616172e-03]
node46:[  1.29999409e+01   1.73208476e+00   5.88707786e-03]
node47:[  1.49999405e+01   1.73208497e+00   5.96850359e-03]
node48:[  1.69999401e+01   1.73208519e+00   6.05044077e-03]
node49:[  1.89999398e+01   1.73208540e+00   6.13289125e-03]
node50:[  2.09999394e+01   1.73208562e+00   6.21585689e-03]
node51:[  2.29999390e+01   1.73208584e+00   6.29933956e-03]
node52:[  2.49999386e+01   1.73208606e+00   6.38334114e-03]
node53:[  2.69999382e+01   1.73208628e+00   6.46786349e-03]
node54:[  2.89999379e+01   1.73208650e+00   6.55290850e-03]
node55:[  3.09999375e+01   1.73208672e+00   6.63847804e-03]
node56:[  3.29999371e+01   1.73208694e+00   6.72457402e-03]
node57:[  3.49999367e+01   1.73208716e+00   6.81119831e-03]
node58:[  3.69999363e+01   1.73208739e+00   6.89835282e-03]
node59:[  3.89999359e+01   1.73208761e+00   6.98603945e-03]
node60:[  4.09999355e+01   1.73208784e+00   7.07426011e-03]
node61:[  4.29999351e+01   1.73208806e+00   7.16301670e-03]
node62:[  4.49999348e+01   1.73208829e+00   7.25231114e-03]
node63:[  4.69999344e+01   1.73208852e+00   7.34214535e-03]
node64:[  4.89999340e+01   1.73208875e+00   7.43252125e-03]
node65:[  5.09999336e+01   1.73208897e+00   7.52344078e-03]
node66:[  5.29999332e+01   1.73208920e+00   7.61490587e-03]
node67:[  5.49999328e+01   1.73208943e+00   7.70691845e-03]
node68:[  5.69999324e+01   1.73208967e+00   7.79948047e-03]
node69:[  5.89999320e+01   1.73208990e+00   7.89259387e-03]
node70:[  6.09999316e+01   1.73209013e+00   7.98626060e-03]
node71:[  6.29999312e+01   1.73209037e+00   8.08048263e-03]
node72:[  6.49999307e+01   1.73209060e+00   8.17526190e-03]
node73:[  6.69999303e+01   1.73209084e+00   8.27060040e-03]
node74:[  6.89999299e+01   1.73209107e+00   8.36650008e-03]
node75:[  7.09999295e+01   1.73209131e+00   8.46296292e-03]
node76:[  7.29999291e+01   1.73209155e+00   8.55999089e-03]
node77:[  7.49999287e+01   1.73209179e+00   8.65758588e-03]
node78:[  7.69999283e+01   1.73209203e+00   8.75563696e-03]
node79:[  7.89999642e+01   1.73202998e+00   8.75547048e-03]
node80:[ -2.86300047e-05   3.46418398e+00   5.48748026e-03]
node81:[ 1.99994217  3.46416758  0.00560595]
node82:[ 3.9999418   3.46416779  0.0056856 ]
node83:[  5.99994143e+00   3.46416800e+00   5.76575793e-03]
node84:[  7.99994106e+00   3.46416821e+00   5.84641947e-03]
node85:[  9.99994069e+00   3.46416843e+00   5.92758967e-03]
node86:[  1.19999403e+01   3.46416864e+00   6.00927040e-03]
node87:[  1.39999399e+01   3.46416886e+00   6.09146349e-03]
node88:[  1.59999396e+01   3.46416908e+00   6.17417082e-03]
node89:[  1.79999392e+01   3.46416929e+00   6.25739424e-03]
node90:[  1.99999388e+01   3.46416951e+00   6.34113563e-03]
node91:[  2.19999384e+01   3.46416973e+00   6.42539686e-03]
node92:[  2.39999380e+01   3.46416995e+00   6.51017979e-03]
node93:[  2.59999377e+01   3.46417017e+00   6.59548633e-03]
node94:[  2.79999373e+01   3.46417039e+00   6.68131834e-03]
node95:[  2.99999369e+01   3.46417062e+00   6.76767773e-03]
node96:[  3.19999365e+01   3.46417084e+00   6.85456639e-03]
node97:[  3.39999361e+01   3.46417106e+00   6.94198621e-03]
node98:[  3.59999357e+01   3.46417129e+00   7.02993910e-03]
node99:[  3.79999353e+01   3.46417151e+00   7.11842697e-03]
node100:[  3.99999350e+01   3.46417174e+00   7.20745173e-03]
node101:[  4.19999346e+01   3.46417197e+00   7.29701530e-03]
node102:[  4.39999342e+01   3.46417219e+00   7.38711960e-03]
node103:[  4.59999338e+01   3.46417242e+00   7.47776656e-03]
node104:[  4.79999334e+01   3.46417265e+00   7.56895810e-03]
node105:[  4.99999330e+01   3.46417288e+00   7.66069617e-03]
node106:[  5.19999326e+01   3.46417311e+00   7.75298270e-03]
node107:[  5.39999322e+01   3.46417335e+00   7.84581964e-03]
node108:[  5.59999318e+01   3.46417358e+00   7.93920894e-03]
node109:[  5.79999314e+01   3.46417381e+00   8.03315255e-03]
node110:[  5.99999309e+01   3.46417405e+00   8.12765243e-03]
node111:[  6.19999305e+01   3.46417428e+00   8.22271054e-03]
node112:[  6.39999301e+01   3.46417452e+00   8.31832885e-03]
node113:[  6.59999297e+01   3.46417476e+00   8.41450933e-03]
node114:[  6.79999293e+01   3.46417499e+00   8.51125396e-03]
node115:[  6.99999289e+01   3.46417523e+00   8.60856472e-03]
node116:[  7.19999285e+01   3.46417547e+00   8.70644360e-03]
node117:[  7.39999281e+01   3.46417571e+00   8.80489256e-03]
node118:[  7.59999276e+01   3.46417594e+00   8.90389277e-03]
node119:[  7.79999274e+01   3.46413419e+00   8.95360262e-03]
node120:[ 0.99994162  5.19625199  0.00572558]
node121:[ 2.99994125  5.1962522   0.00580601]
node122:[ 4.99994088  5.19625241  0.00588692]
node123:[  6.99994050e+00   5.19625263e+00   5.96834716e-03]
node124:[  8.99994013e+00   5.19625284e+00   6.05028377e-03]
node125:[  1.09999398e+01   5.19625306e+00   6.13273368e-03]
node126:[  1.29999394e+01   5.19625328e+00   6.21569875e-03]
node127:[  1.49999390e+01   5.19625349e+00   6.29918085e-03]
node128:[  1.69999386e+01   5.19625371e+00   6.38318186e-03]
node129:[  1.89999382e+01   5.19625393e+00   6.46770363e-03]
node130:[  2.09999379e+01   5.19625415e+00   6.55274806e-03]
node131:[  2.29999375e+01   5.19625437e+00   6.63831703e-03]
node132:[  2.49999371e+01   5.19625460e+00   6.72441243e-03]
node133:[  2.69999367e+01   5.19625482e+00   6.81103614e-03]
node134:[  2.89999363e+01   5.19625504e+00   6.89819007e-03]
node135:[  3.09999359e+01   5.19625527e+00   6.98587612e-03]
node136:[  3.29999355e+01   5.19625549e+00   7.07409619e-03]
node137:[  3.49999351e+01   5.19625572e+00   7.16285219e-03]
node138:[  3.69999348e+01   5.19625594e+00   7.25214605e-03]
node139:[  3.89999344e+01   5.19625617e+00   7.34197967e-03]
node140:[  4.09999340e+01   5.19625640e+00   7.43235499e-03]
node141:[  4.29999336e+01   5.19625663e+00   7.52327393e-03]
node142:[  4.49999332e+01   5.19625686e+00   7.61473842e-03]
node143:[  4.69999328e+01   5.19625709e+00   7.70675041e-03]
node144:[  4.89999324e+01   5.19625732e+00   7.79931183e-03]
node145:[  5.09999320e+01   5.19625755e+00   7.89242463e-03]
node146:[  5.29999316e+01   5.19625779e+00   7.98609077e-03]
node147:[  5.49999312e+01   5.19625802e+00   8.08031220e-03]
node148:[  5.69999307e+01   5.19625826e+00   8.17509087e-03]
node149:[  5.89999303e+01   5.19625849e+00   8.27042876e-03]
node150:[  6.09999299e+01   5.19625873e+00   8.36632784e-03]
node151:[  6.29999295e+01   5.19625897e+00   8.46279007e-03]
node152:[  6.49999291e+01   5.19625920e+00   8.55981745e-03]
node153:[  6.69999287e+01   5.19625944e+00   8.65741194e-03]
node154:[  6.89999283e+01   5.19625968e+00   8.75557555e-03]
node155:[  7.09999279e+01   5.19625992e+00   8.85431025e-03]
node156:[  7.29999274e+01   5.19626016e+00   8.95361806e-03]
node157:[  7.49999270e+01   5.19626041e+00   9.05350085e-03]
node158:[  7.69999266e+01   5.19626065e+00   9.15384615e-03]
node159:[  7.89999634e+01   5.19619716e+00   9.15367734e-03]
node160:[ -2.93639830e-05   6.92835376e+00   5.80592936e-03]
node161:[  1.99994069e+00   6.92833693e+00   5.92743351e-03]
node162:[  3.99994032e+00   6.92833714e+00   6.00911368e-03]
node163:[  5.99993994e+00   6.92833736e+00   6.09130621e-03]
node164:[  7.99993957e+00   6.92833758e+00   6.17401296e-03]
node165:[  9.99993919e+00   6.92833779e+00   6.25723582e-03]
node166:[  1.19999388e+01   6.92833801e+00   6.34097663e-03]
node167:[  1.39999384e+01   6.92833823e+00   6.42523728e-03]
node168:[  1.59999381e+01   6.92833845e+00   6.51001965e-03]
node169:[  1.79999377e+01   6.92833867e+00   6.59532560e-03]
node170:[  1.99999373e+01   6.92833889e+00   6.68115704e-03]
node171:[  2.19999369e+01   6.92833912e+00   6.76751585e-03]
node172:[  2.39999365e+01   6.92833934e+00   6.85440392e-03]
node173:[  2.59999361e+01   6.92833956e+00   6.94182316e-03]
node174:[  2.79999357e+01   6.92833979e+00   7.02977547e-03]
node175:[  2.99999353e+01   6.92834001e+00   7.11826276e-03]
node176:[  3.19999350e+01   6.92834024e+00   7.20728693e-03]
node177:[  3.39999346e+01   6.92834047e+00   7.29684991e-03]
node178:[  3.59999342e+01   6.92834069e+00   7.38695363e-03]
node179:[  3.79999338e+01   6.92834092e+00   7.47759999e-03]
node180:[  3.99999334e+01   6.92834115e+00   7.56879095e-03]
node181:[  4.19999330e+01   6.92834138e+00   7.66052842e-03]
node182:[  4.39999326e+01   6.92834161e+00   7.75281436e-03]
node183:[  4.59999322e+01   6.92834185e+00   7.84565071e-03]
node184:[  4.79999318e+01   6.92834208e+00   7.93903941e-03]
node185:[  4.99999314e+01   6.92834231e+00   8.03298242e-03]
node186:[  5.19999310e+01   6.92834255e+00   8.12748170e-03]
node187:[  5.39999305e+01   6.92834278e+00   8.22253921e-03]
node188:[  5.59999301e+01   6.92834302e+00   8.31815692e-03]
node189:[  5.79999297e+01   6.92834325e+00   8.41433679e-03]
node190:[  5.99999293e+01   6.92834349e+00   8.51108082e-03]
node191:[  6.19999289e+01   6.92834373e+00   8.60839097e-03]
node192:[  6.39999285e+01   6.92834397e+00   8.70626924e-03]
node193:[  6.59999281e+01   6.92834421e+00   8.80471761e-03]
node194:[  6.79999276e+01   6.92834445e+00   8.90373807e-03]
node195:[  6.99999272e+01   6.92834469e+00   9.00333264e-03]
node196:[  7.19999268e+01   6.92834494e+00   9.10350332e-03]
node197:[  7.39999264e+01   6.92834518e+00   9.20425209e-03]
node198:[  7.59999260e+01   6.92834542e+00   9.30555983e-03]
node199:[  7.79999257e+01   6.92830269e+00   9.35642639e-03]
node200:[  9.99940139e-01   8.66042220e+00   6.05010836e-03]
node201:[  2.99993976e+00   8.66042241e+00   6.13257611e-03]
node202:[  4.99993938e+00   8.66042263e+00   6.21554061e-03]
node203:[  6.99993900e+00   8.66042285e+00   6.29902214e-03]
node204:[  8.99993862e+00   8.66042306e+00   6.38302257e-03]
node205:[  1.09999382e+01   8.66042328e+00   6.46754378e-03]
node206:[  1.29999379e+01   8.66042350e+00   6.55258763e-03]
node207:[  1.49999375e+01   8.66042372e+00   6.63815602e-03]
node208:[  1.69999371e+01   8.66042395e+00   6.72425084e-03]
node209:[  1.89999367e+01   8.66042417e+00   6.81087397e-03]
node210:[  2.09999363e+01   8.66042439e+00   6.89802732e-03]
node211:[  2.29999359e+01   8.66042462e+00   6.98571279e-03]
node212:[  2.49999355e+01   8.66042484e+00   7.07393227e-03]
node213:[  2.69999351e+01   8.66042507e+00   7.16268769e-03]
node214:[  2.89999348e+01   8.66042529e+00   7.25198096e-03]
node215:[  3.09999344e+01   8.66042552e+00   7.34181400e-03]
node216:[  3.29999340e+01   8.66042575e+00   7.43218872e-03]
node217:[  3.49999336e+01   8.66042598e+00   7.52310707e-03]
node218:[  3.69999332e+01   8.66042621e+00   7.61457097e-03]
node219:[  3.89999328e+01   8.66042644e+00   7.70658237e-03]
node220:[  4.09999324e+01   8.66042667e+00   7.79914319e-03]
node221:[  4.29999320e+01   8.66042690e+00   7.89225540e-03]
node222:[  4.49999316e+01   8.66042714e+00   7.98592094e-03]
node223:[  4.69999312e+01   8.66042737e+00   8.08014177e-03]
node224:[  4.89999307e+01   8.66042761e+00   8.17491984e-03]
node225:[  5.09999303e+01   8.66042784e+00   8.27025713e-03]
node226:[  5.29999299e+01   8.66042808e+00   8.36615560e-03]
node227:[  5.49999295e+01   8.66042832e+00   8.46261723e-03]
node228:[  5.69999291e+01   8.66042855e+00   8.55964400e-03]
node229:[  5.89999287e+01   8.66042879e+00   8.65723789e-03]
node230:[  6.09999283e+01   8.66042903e+00   8.75540088e-03]
node231:[  6.29999279e+01   8.66042927e+00   8.85413498e-03]
node232:[  6.49999274e+01   8.66042952e+00   8.95344218e-03]
node233:[  6.69999270e+01   8.66042976e+00   9.05332447e-03]
node234:[  6.89999266e+01   8.66043000e+00   9.15378387e-03]
node235:[  7.09999262e+01   8.66043025e+00   9.25482240e-03]
node236:[  7.29999257e+01   8.66043049e+00   9.35644205e-03]
node237:[  7.49999253e+01   8.66043074e+00   9.45864475e-03]
node238:[  7.69999249e+01   8.66043098e+00   9.56131642e-03]
node239:[  7.89999625e+01   8.66036602e+00   9.56114527e-03]
node240:[ -3.01087263e-05   1.03925253e+01   6.13249792e-03]
node241:[  1.99993919e+00   1.03925080e+01   6.25707738e-03]
node242:[  3.99993881e+00   1.03925082e+01   6.34081763e-03]
node243:[  5.99993843e+00   1.03925084e+01   6.42507771e-03]
node244:[  7.99993805e+00   1.03925087e+01   6.50985950e-03]
node245:[  9.99993767e+00   1.03925089e+01   6.59516488e-03]
node246:[  1.19999373e+01   1.03925091e+01   6.68099574e-03]
node247:[  1.39999369e+01   1.03925093e+01   6.76735397e-03]
node248:[  1.59999365e+01   1.03925095e+01   6.85424146e-03]
node249:[  1.79999361e+01   1.03925098e+01   6.94166012e-03]
node250:[  1.99999357e+01   1.03925100e+01   7.02961185e-03]
node251:[  2.19999353e+01   1.03925102e+01   7.11809855e-03]
node252:[  2.39999350e+01   1.03925104e+01   7.20712213e-03]
node253:[  2.59999346e+01   1.03925107e+01   7.29668453e-03]
node254:[  2.79999342e+01   1.03925109e+01   7.38678765e-03]
node255:[  2.99999338e+01   1.03925111e+01   7.47743343e-03]
node256:[  3.19999334e+01   1.03925114e+01   7.56862379e-03]
node257:[  3.39999330e+01   1.03925116e+01   7.66036068e-03]
node258:[  3.59999326e+01   1.03925118e+01   7.75264602e-03]
node259:[  3.79999322e+01   1.03925121e+01   7.84548177e-03]
node260:[  3.99999318e+01   1.03925123e+01   7.93886988e-03]
node261:[  4.19999314e+01   1.03925125e+01   8.03281229e-03]
node262:[  4.39999310e+01   1.03925128e+01   8.12731097e-03]
node263:[  4.59999305e+01   1.03925130e+01   8.22236788e-03]
node264:[  4.79999301e+01   1.03925132e+01   8.31798498e-03]
node265:[  4.99999297e+01   1.03925135e+01   8.41416425e-03]
node266:[  5.19999293e+01   1.03925137e+01   8.51090767e-03]
node267:[  5.39999289e+01   1.03925139e+01   8.60821722e-03]
node268:[  5.59999285e+01   1.03925142e+01   8.70609488e-03]
node269:[  5.79999281e+01   1.03925144e+01   8.80454264e-03]
node270:[  5.99999276e+01   1.03925147e+01   8.90356249e-03]
node271:[  6.19999272e+01   1.03925149e+01   9.00315645e-03]
node272:[  6.39999268e+01   1.03925151e+01   9.10332651e-03]
node273:[  6.59999264e+01   1.03925154e+01   9.20407468e-03]
node274:[  6.79999260e+01   1.03925156e+01   9.30540297e-03]
node275:[  6.99999255e+01   1.03925159e+01   9.40731341e-03]
node276:[  7.19999251e+01   1.03925161e+01   9.50980802e-03]
node277:[  7.39999247e+01   1.03925164e+01   9.61288880e-03]
node278:[  7.59999243e+01   1.03925166e+01   9.71653636e-03]
node279:[  7.79999240e+01   1.03924729e+01   9.76857580e-03]
node280:[  9.99938632e-01   1.21245941e+01   6.38284462e-03]
node281:[  2.99993824e+00   1.21245944e+01   6.46738392e-03]
node282:[  4.99993786e+00   1.21245946e+01   6.55242720e-03]
node283:[  6.99993748e+00   1.21245948e+01   6.63799501e-03]
node284:[  8.99993709e+00   1.21245950e+01   6.72408925e-03]
node285:[  1.09999367e+01   1.21245952e+01   6.81071181e-03]
node286:[  1.29999363e+01   1.21245955e+01   6.89786457e-03]
node287:[  1.49999359e+01   1.21245957e+01   6.98554945e-03]
node288:[  1.69999355e+01   1.21245959e+01   7.07376836e-03]
node289:[  1.89999352e+01   1.21245961e+01   7.16252319e-03]
node290:[  2.09999348e+01   1.21245964e+01   7.25181587e-03]
node291:[  2.29999344e+01   1.21245966e+01   7.34164832e-03]
node292:[  2.49999340e+01   1.21245968e+01   7.43202246e-03]
node293:[  2.69999336e+01   1.21245971e+01   7.52294022e-03]
node294:[  2.89999332e+01   1.21245973e+01   7.61440353e-03]
node295:[  3.09999328e+01   1.21245975e+01   7.70641432e-03]
node296:[  3.29999324e+01   1.21245977e+01   7.79897456e-03]
node297:[  3.49999320e+01   1.21245980e+01   7.89208617e-03]
node298:[  3.69999316e+01   1.21245982e+01   7.98575111e-03]
node299:[  3.89999312e+01   1.21245984e+01   8.07997134e-03]
node300:[  4.09999307e+01   1.21245987e+01   8.17474881e-03]
node301:[  4.29999303e+01   1.21245989e+01   8.27008550e-03]
node302:[  4.49999299e+01   1.21245992e+01   8.36598337e-03]
node303:[  4.69999295e+01   1.21245994e+01   8.46244440e-03]
node304:[  4.89999291e+01   1.21245996e+01   8.55947056e-03]
node305:[  5.09999287e+01   1.21245999e+01   8.65706384e-03]
node306:[  5.29999283e+01   1.21246001e+01   8.75522622e-03]
node307:[  5.49999279e+01   1.21246003e+01   8.85395971e-03]
node308:[  5.69999274e+01   1.21246006e+01   8.95326629e-03]
node309:[  5.89999270e+01   1.21246008e+01   9.05314797e-03]
node310:[  6.09999266e+01   1.21246011e+01   9.15360676e-03]
node311:[  6.29999262e+01   1.21246013e+01   9.25464467e-03]
node312:[  6.49999258e+01   1.21246016e+01   9.35626371e-03]
node313:[  6.69999253e+01   1.21246018e+01   9.45846590e-03]
node314:[  6.89999249e+01   1.21246021e+01   9.56125327e-03]
node315:[  7.09999245e+01   1.21246023e+01   9.66462785e-03]
node316:[  7.29999240e+01   1.21246026e+01   9.76859168e-03]
node317:[  7.49999236e+01   1.21246028e+01   9.87314667e-03]
node318:[  7.69999232e+01   1.21246031e+01   9.97817718e-03]
node319:[  7.89999617e+01   1.21245366e+01   9.97800366e-03]
node320:[ -3.08643373e-05   1.38566985e+01   6.46730459e-03]
node321:[  1.99993767e+00   1.38566808e+01   6.59500415e-03]
node322:[  3.99993729e+00   1.38566810e+01   6.68083444e-03]
node323:[  5.99993690e+00   1.38566813e+01   6.76719209e-03]
node324:[  7.99993652e+00   1.38566815e+01   6.85407900e-03]
node325:[  9.99993613e+00   1.38566817e+01   6.94149708e-03]
node326:[  1.19999357e+01   1.38566819e+01   7.02944822e-03]
node327:[  1.39999353e+01   1.38566822e+01   7.11793434e-03]
node328:[  1.59999350e+01   1.38566824e+01   7.20695734e-03]
node329:[  1.79999346e+01   1.38566826e+01   7.29651915e-03]
node330:[  1.99999342e+01   1.38566828e+01   7.38662168e-03]
node331:[  2.19999338e+01   1.38566831e+01   7.47726687e-03]
node332:[  2.39999334e+01   1.38566833e+01   7.56845664e-03]
node333:[  2.59999330e+01   1.38566835e+01   7.66019293e-03]
node334:[  2.79999326e+01   1.38566838e+01   7.75247768e-03]
node335:[  2.99999322e+01   1.38566840e+01   7.84531284e-03]
node336:[  3.19999318e+01   1.38566842e+01   7.93870034e-03]
node337:[  3.39999314e+01   1.38566845e+01   8.03264216e-03]
node338:[  3.59999310e+01   1.38566847e+01   8.12714024e-03]
node339:[  3.79999305e+01   1.38566849e+01   8.22219654e-03]
node340:[  3.99999301e+01   1.38566852e+01   8.31781305e-03]
node341:[  4.19999297e+01   1.38566854e+01   8.41399171e-03]
node342:[  4.39999293e+01   1.38566856e+01   8.51073453e-03]
node343:[  4.59999289e+01   1.38566859e+01   8.60804347e-03]
node344:[  4.79999285e+01   1.38566861e+01   8.70592052e-03]
node345:[  4.99999281e+01   1.38566864e+01   8.80436767e-03]
node346:[  5.19999277e+01   1.38566866e+01   8.90338691e-03]
node347:[  5.39999272e+01   1.38566868e+01   9.00298026e-03]
node348:[  5.59999268e+01   1.38566871e+01   9.10314970e-03]
node349:[  5.79999264e+01   1.38566873e+01   9.20389726e-03]
node350:[  5.99999260e+01   1.38566876e+01   9.30522493e-03]
node351:[  6.19999255e+01   1.38566878e+01   9.40713475e-03]
node352:[  6.39999251e+01   1.38566881e+01   9.50962874e-03]
node353:[  6.59999247e+01   1.38566883e+01   9.61270892e-03]
node354:[  6.79999243e+01   1.38566886e+01   9.71637732e-03]
node355:[  6.99999238e+01   1.38566888e+01   9.82063598e-03]
node356:[  7.19999234e+01   1.38566891e+01   9.92548695e-03]
node357:[  7.39999230e+01   1.38566893e+01   1.00309323e-02]
node358:[  7.59999225e+01   1.38566896e+01   1.01369522e-02]
node359:[  7.79999223e+01   1.38566448e+01   1.01901808e-02]
node360:[  9.99937103e-01   1.55887678e+01   6.72390872e-03]
node361:[  2.99993671e+00   1.55887681e+01   6.81054964e-03]
node362:[  4.99993632e+00   1.55887683e+01   6.89770182e-03]
node363:[  6.99993593e+00   1.55887685e+01   6.98538612e-03]
node364:[  8.99993554e+00   1.55887687e+01   7.07360444e-03]
node365:[  1.09999352e+01   1.55887690e+01   7.16235869e-03]
node366:[  1.29999348e+01   1.55887692e+01   7.25165079e-03]
node367:[  1.49999344e+01   1.55887694e+01   7.34148265e-03]
node368:[  1.69999340e+01   1.55887696e+01   7.43185619e-03]
node369:[  1.89999336e+01   1.55887699e+01   7.52277336e-03]
node370:[  2.09999332e+01   1.55887701e+01   7.61423608e-03]
node371:[  2.29999328e+01   1.55887703e+01   7.70624628e-03]
node372:[  2.49999324e+01   1.55887706e+01   7.79880592e-03]
node373:[  2.69999320e+01   1.55887708e+01   7.89191694e-03]
node374:[  2.89999316e+01   1.55887710e+01   7.98558128e-03]
node375:[  3.09999312e+01   1.55887713e+01   8.07980091e-03]
node376:[  3.29999308e+01   1.55887715e+01   8.17457778e-03]
node377:[  3.49999303e+01   1.55887717e+01   8.26991387e-03]
node378:[  3.69999299e+01   1.55887720e+01   8.36581113e-03]
node379:[  3.89999295e+01   1.55887722e+01   8.46227156e-03]
node380:[  4.09999291e+01   1.55887724e+01   8.55929711e-03]
node381:[  4.29999287e+01   1.55887727e+01   8.65688978e-03]
node382:[  4.49999283e+01   1.55887729e+01   8.75505156e-03]
node383:[  4.69999279e+01   1.55887732e+01   8.85378444e-03]
node384:[  4.89999274e+01   1.55887734e+01   8.95309041e-03]
node385:[  5.09999270e+01   1.55887736e+01   9.05297148e-03]
node386:[  5.29999266e+01   1.55887739e+01   9.15342965e-03]
node387:[  5.49999262e+01   1.55887741e+01   9.25446694e-03]
node388:[  5.69999258e+01   1.55887744e+01   9.35608536e-03]
node389:[  5.89999253e+01   1.55887746e+01   9.45828694e-03]
node390:[  6.09999249e+01   1.55887749e+01   9.56107369e-03]
node391:[  6.29999245e+01   1.55887751e+01   9.66444765e-03]
node392:[  6.49999240e+01   1.55887754e+01   9.76841085e-03]
node393:[  6.69999236e+01   1.55887756e+01   9.87296534e-03]
node394:[  6.89999232e+01   1.55887759e+01   9.97811315e-03]
node395:[  7.09999227e+01   1.55887761e+01   1.00838563e-02]
node396:[  7.29999223e+01   1.55887764e+01   1.01901970e-02]
node397:[  7.49999219e+01   1.55887766e+01   1.02971369e-02]
node398:[  7.69999214e+01   1.55887769e+01   1.04045590e-02]
node399:[  7.89999608e+01   1.55887089e+01   1.04043831e-02]
node400:[ -3.16309194e-05   1.73208735e+01   6.81046916e-03]
node401:[  1.99993613e+00   1.73208554e+01   6.94133403e-03]
node402:[  3.99993574e+00   1.73208556e+01   7.02928460e-03]
node403:[  5.99993535e+00   1.73208559e+01   7.11777013e-03]
node404:[  7.99993496e+00   1.73208561e+01   7.20679254e-03]
node405:[  9.99993456e+00   1.73208563e+01   7.29635376e-03]
node406:[  1.19999342e+01   1.73208565e+01   7.38645571e-03]
node407:[  1.39999338e+01   1.73208568e+01   7.47710031e-03]
node408:[  1.59999334e+01   1.73208570e+01   7.56828949e-03]
node409:[  1.79999330e+01   1.73208572e+01   7.66002519e-03]
node410:[  1.99999326e+01   1.73208575e+01   7.75230934e-03]
node411:[  2.19999322e+01   1.73208577e+01   7.84514390e-03]
node412:[  2.39999318e+01   1.73208579e+01   7.93853081e-03]
node413:[  2.59999314e+01   1.73208582e+01   8.03247203e-03]
node414:[  2.79999310e+01   1.73208584e+01   8.12696951e-03]
node415:[  2.99999305e+01   1.73208586e+01   8.22202521e-03]
node416:[  3.19999301e+01   1.73208589e+01   8.31764111e-03]
node417:[  3.39999297e+01   1.73208591e+01   8.41381918e-03]
node418:[  3.59999293e+01   1.73208593e+01   8.51056138e-03]
node419:[  3.79999289e+01   1.73208596e+01   8.60786972e-03]
node420:[  3.99999285e+01   1.73208598e+01   8.70574616e-03]
node421:[  4.19999281e+01   1.73208601e+01   8.80419270e-03]
node422:[  4.39999277e+01   1.73208603e+01   8.90321133e-03]
node423:[  4.59999272e+01   1.73208605e+01   9.00280407e-03]
node424:[  4.79999268e+01   1.73208608e+01   9.10297290e-03]
node425:[  4.99999264e+01   1.73208610e+01   9.20371984e-03]
node426:[  5.19999260e+01   1.73208613e+01   9.30504690e-03]
node427:[  5.39999255e+01   1.73208615e+01   9.40695610e-03]
node428:[  5.59999251e+01   1.73208618e+01   9.50944946e-03]
node429:[  5.79999247e+01   1.73208620e+01   9.61252902e-03]
node430:[  5.99999243e+01   1.73208623e+01   9.71619680e-03]
node431:[  6.19999238e+01   1.73208625e+01   9.82045484e-03]
node432:[  6.39999234e+01   1.73208628e+01   9.92530518e-03]
node433:[  6.59999230e+01   1.73208630e+01   1.00307499e-02]
node434:[  6.79999225e+01   1.73208633e+01   1.01367910e-02]
node435:[  6.99999221e+01   1.73208635e+01   1.02434305e-02]
node436:[  7.19999216e+01   1.73208638e+01   1.03506706e-02]
node437:[  7.39999212e+01   1.73208640e+01   1.04585132e-02]
node438:[  7.59999208e+01   1.73208643e+01   1.05669385e-02]
node439:[  7.79999205e+01   1.73208185e+01   1.06213728e-02]
node440:[  9.99935552e-01   1.90529433e+01   7.07342131e-03]
node441:[  2.99993515e+00   1.90529435e+01   7.16219419e-03]
node442:[  4.99993476e+00   1.90529438e+01   7.25148570e-03]
node443:[  6.99993437e+00   1.90529440e+01   7.34131697e-03]
node444:[  8.99993397e+00   1.90529442e+01   7.43168993e-03]
node445:[  1.09999336e+01   1.90529445e+01   7.52260651e-03]
node446:[  1.29999332e+01   1.90529447e+01   7.61406863e-03]
node447:[  1.49999328e+01   1.90529449e+01   7.70607824e-03]
node448:[  1.69999324e+01   1.90529452e+01   7.79863729e-03]
node449:[  1.89999320e+01   1.90529454e+01   7.89174770e-03]
node450:[  2.09999316e+01   1.90529456e+01   7.98541145e-03]
node451:[  2.29999312e+01   1.90529459e+01   8.07963048e-03]
node452:[  2.49999308e+01   1.90529461e+01   8.17440675e-03]
node453:[  2.69999303e+01   1.90529463e+01   8.26974224e-03]
node454:[  2.89999299e+01   1.90529466e+01   8.36563890e-03]
node455:[  3.09999295e+01   1.90529468e+01   8.46209872e-03]
node456:[  3.29999291e+01   1.90529470e+01   8.55912367e-03]
node457:[  3.49999287e+01   1.90529473e+01   8.65671573e-03]
node458:[  3.69999283e+01   1.90529475e+01   8.75487690e-03]
node459:[  3.89999279e+01   1.90529478e+01   8.85360916e-03]
node460:[  4.09999274e+01   1.90529480e+01   8.95291452e-03]
node461:[  4.29999270e+01   1.90529482e+01   9.05279498e-03]
node462:[  4.49999266e+01   1.90529485e+01   9.15325254e-03]
node463:[  4.69999262e+01   1.90529487e+01   9.25428921e-03]
node464:[  4.89999258e+01   1.90529490e+01   9.35590702e-03]
node465:[  5.09999253e+01   1.90529492e+01   9.45810797e-03]
node466:[  5.29999249e+01   1.90529495e+01   9.56089410e-03]
node467:[  5.49999245e+01   1.90529497e+01   9.66426744e-03]
node468:[  5.69999240e+01   1.90529500e+01   9.76823002e-03]
node469:[  5.89999236e+01   1.90529502e+01   9.87278388e-03]
node470:[  6.09999232e+01   1.90529505e+01   9.97793107e-03]
node471:[  6.29999227e+01   1.90529507e+01   1.00836736e-02]
node472:[  6.49999223e+01   1.90529510e+01   1.01900136e-02]
node473:[  6.69999219e+01   1.90529512e+01   1.02969531e-02]
node474:[  6.89999214e+01   1.90529515e+01   1.04044941e-02]
node475:[  7.09999210e+01   1.90529517e+01   1.05126388e-02]
node476:[  7.29999205e+01   1.90529520e+01   1.06213891e-02]
node477:[  7.49999201e+01   1.90529522e+01   1.07307471e-02]
node478:[  7.69999196e+01   1.90529525e+01   1.08405938e-02]
node479:[  7.89999599e+01   1.90528830e+01   1.08404155e-02]
node480:[ -3.24085769e-05   2.07850504e+01   7.16211256e-03]
node481:[  1.99993456e+00   2.07850318e+01   7.29618837e-03]
node482:[  3.99993417e+00   2.07850320e+01   7.38628974e-03]
node483:[  5.99993377e+00   2.07850323e+01   7.47693375e-03]
node484:[  7.99993337e+00   2.07850325e+01   7.56812234e-03]
node485:[  9.99993297e+00   2.07850327e+01   7.65985744e-03]
node486:[  1.19999326e+01   2.07850329e+01   7.75214100e-03]
node487:[  1.39999322e+01   2.07850332e+01   7.84497497e-03]
node488:[  1.59999318e+01   2.07850334e+01   7.93836128e-03]
node489:[  1.79999314e+01   2.07850336e+01   8.03230190e-03]
node490:[  1.99999310e+01   2.07850339e+01   8.12679878e-03]
node491:[  2.19999305e+01   2.07850341e+01   8.22185388e-03]
node492:[  2.39999301e+01   2.07850343e+01   8.31746918e-03]
node493:[  2.59999297e+01   2.07850346e+01   8.41364664e-03]
node494:[  2.79999293e+01   2.07850348e+01   8.51038824e-03]
node495:[  2.99999289e+01   2.07850351e+01   8.60769597e-03]
node496:[  3.19999285e+01   2.07850353e+01   8.70557180e-03]
node497:[  3.39999281e+01   2.07850355e+01   8.80401773e-03]
node498:[  3.59999277e+01   2.07850358e+01   8.90303576e-03]
node499:[  3.79999272e+01   2.07850360e+01   9.00262787e-03]
node500:[  3.99999268e+01   2.07850363e+01   9.10279609e-03]
node501:[  4.19999264e+01   2.07850365e+01   9.20354241e-03]
node502:[  4.39999260e+01   2.07850368e+01   9.30486886e-03]
node503:[  4.59999255e+01   2.07850370e+01   9.40677744e-03]
node504:[  4.79999251e+01   2.07850372e+01   9.50927019e-03]
node505:[  4.99999247e+01   2.07850375e+01   9.61234912e-03]
node506:[  5.19999243e+01   2.07850377e+01   9.71601628e-03]
node507:[  5.39999238e+01   2.07850380e+01   9.82027370e-03]
node508:[  5.59999234e+01   2.07850382e+01   9.92512341e-03]
node509:[  5.79999230e+01   2.07850385e+01   1.00305675e-02]
node510:[  5.99999225e+01   2.07850387e+01   1.01366079e-02]
node511:[  6.19999221e+01   2.07850390e+01   1.02432469e-02]
node512:[  6.39999216e+01   2.07850392e+01   1.03504863e-02]
node513:[  6.59999212e+01   2.07850395e+01   1.04583283e-02]
node514:[  6.79999208e+01   2.07850398e+01   1.05667750e-02]
node515:[  6.99999203e+01   2.07850400e+01   1.06758284e-02]
node516:[  7.19999199e+01   2.07850403e+01   1.07854906e-02]
node517:[  7.39999194e+01   2.07850405e+01   1.08957637e-02]
node518:[  7.59999190e+01   2.07850408e+01   1.10066274e-02]
node519:[  7.79999187e+01   2.07849940e+01   1.10622840e-02]
node520:[  9.99933979e-01   2.25171206e+01   7.43150417e-03]
node521:[  2.99993357e+00   2.25171208e+01   7.52243965e-03]
node522:[  4.99993318e+00   2.25171211e+01   7.61390119e-03]
node523:[  6.99993278e+00   2.25171213e+01   7.70591020e-03]
node524:[  8.99993237e+00   2.25171215e+01   7.79846865e-03]
node525:[  1.09999320e+01   2.25171218e+01   7.89157847e-03]
node526:[  1.29999316e+01   2.25171220e+01   7.98524162e-03]
node527:[  1.49999312e+01   2.25171222e+01   8.07946005e-03]
node528:[  1.69999308e+01   2.25171225e+01   8.17423573e-03]
node529:[  1.89999303e+01   2.25171227e+01   8.26957061e-03]
node530:[  2.09999299e+01   2.25171229e+01   8.36546667e-03]
node531:[  2.29999295e+01   2.25171232e+01   8.46192588e-03]
node532:[  2.49999291e+01   2.25171234e+01   8.55895022e-03]
node533:[  2.69999287e+01   2.25171237e+01   8.65654168e-03]
node534:[  2.89999283e+01   2.25171239e+01   8.75470224e-03]
node535:[  3.09999279e+01   2.25171241e+01   8.85343389e-03]
node536:[  3.29999274e+01   2.25171244e+01   8.95273864e-03]
node537:[  3.49999270e+01   2.25171246e+01   9.05261848e-03]
node538:[  3.69999266e+01   2.25171249e+01   9.15307543e-03]
node539:[  3.89999262e+01   2.25171251e+01   9.25411149e-03]
node540:[  4.09999258e+01   2.25171254e+01   9.35572867e-03]
node541:[  4.29999253e+01   2.25171256e+01   9.45792901e-03]
node542:[  4.49999249e+01   2.25171258e+01   9.56071452e-03]
node543:[  4.69999245e+01   2.25171261e+01   9.66408724e-03]
node544:[  4.89999240e+01   2.25171263e+01   9.76804919e-03]
node545:[  5.09999236e+01   2.25171266e+01   9.87260243e-03]
node546:[  5.29999232e+01   2.25171268e+01   9.97774899e-03]
node547:[  5.49999227e+01   2.25171271e+01   1.00834909e-02]
node548:[  5.69999223e+01   2.25171273e+01   1.01898303e-02]
node549:[  5.89999219e+01   2.25171276e+01   1.02967691e-02]
node550:[  6.09999214e+01   2.25171279e+01   1.04043095e-02]
node551:[  6.29999210e+01   2.25171281e+01   1.05124535e-02]
node552:[  6.49999205e+01   2.25171284e+01   1.06212032e-02]
node553:[  6.69999201e+01   2.25171286e+01   1.07305607e-02]
node554:[  6.89999197e+01   2.25171289e+01   1.08405280e-02]
node555:[  7.09999192e+01   2.25171291e+01   1.09511072e-02]
node556:[  7.29999188e+01   2.25171294e+01   1.10623005e-02]
node557:[  7.49999183e+01   2.25171297e+01   1.11741098e-02]
node558:[  7.69999178e+01   2.25171299e+01   1.12864145e-02]
node559:[  7.89999590e+01   2.25170589e+01   1.12862338e-02]
node560:[ -3.31974146e-05   2.42492290e+01   7.52235685e-03]
node561:[  1.99993298e+00   2.42492100e+01   7.65968969e-03]
node562:[  3.99993258e+00   2.42492102e+01   7.75197266e-03]
node563:[  5.99993217e+00   2.42492105e+01   7.84480603e-03]
node564:[  7.99993177e+00   2.42492107e+01   7.93819175e-03]
node565:[  9.99993136e+00   2.42492109e+01   8.03213177e-03]
node566:[  1.19999310e+01   2.42492112e+01   8.12662805e-03]
node567:[  1.39999306e+01   2.42492114e+01   8.22168255e-03]
node568:[  1.59999301e+01   2.42492116e+01   8.31729724e-03]
node569:[  1.79999297e+01   2.42492119e+01   8.41347410e-03]
node570:[  1.99999293e+01   2.42492121e+01   8.51021510e-03]
node571:[  2.19999289e+01   2.42492124e+01   8.60752222e-03]
node572:[  2.39999285e+01   2.42492126e+01   8.70539744e-03]
node573:[  2.59999281e+01   2.42492128e+01   8.80384276e-03]
node574:[  2.79999277e+01   2.42492131e+01   8.90286018e-03]
node575:[  2.99999272e+01   2.42492133e+01   9.00245168e-03]
node576:[  3.19999268e+01   2.42492136e+01   9.10261929e-03]
node577:[  3.39999264e+01   2.42492138e+01   9.20336499e-03]
node578:[  3.59999260e+01   2.42492141e+01   9.30469082e-03]
node579:[  3.79999255e+01   2.42492143e+01   9.40659879e-03]
node580:[  3.99999251e+01   2.42492145e+01   9.50909091e-03]
node581:[  4.19999247e+01   2.42492148e+01   9.61216923e-03]
node582:[  4.39999243e+01   2.42492150e+01   9.71583576e-03]
node583:[  4.59999238e+01   2.42492153e+01   9.82009255e-03]
node584:[  4.79999234e+01   2.42492155e+01   9.92494165e-03]
node585:[  4.99999230e+01   2.42492158e+01   1.00303851e-02]
node586:[  5.19999225e+01   2.42492160e+01   1.01364249e-02]
node587:[  5.39999221e+01   2.42492163e+01   1.02430632e-02]
node588:[  5.59999216e+01   2.42492165e+01   1.03503020e-02]
node589:[  5.79999212e+01   2.42492168e+01   1.04581434e-02]
node590:[  5.99999208e+01   2.42492171e+01   1.05665894e-02]
node591:[  6.19999203e+01   2.42492173e+01   1.06756422e-02]
node592:[  6.39999199e+01   2.42492176e+01   1.07853038e-02]
node593:[  6.59999194e+01   2.42492178e+01   1.08955762e-02]
node594:[  6.79999190e+01   2.42492181e+01   1.10064617e-02]
node595:[  6.99999185e+01   2.42492183e+01   1.11179622e-02]
node596:[  7.19999181e+01   2.42492186e+01   1.12300798e-02]
node597:[  7.39999176e+01   2.42492189e+01   1.13428168e-02]
node598:[  7.59999172e+01   2.42492191e+01   1.14561525e-02]
node599:[  7.79999169e+01   2.42491713e+01   1.15130481e-02]
node600:[  9.99932383e-01   2.59812998e+01   7.79828025e-03]
node601:[  2.99993197e+00   2.59813000e+01   7.89140924e-03]
node602:[  4.99993157e+00   2.59813002e+01   7.98507179e-03]
node603:[  6.99993116e+00   2.59813004e+01   8.07928962e-03]
node604:[  8.99993076e+00   2.59813007e+01   8.17406470e-03]
node605:[  1.09999303e+01   2.59813009e+01   8.26939898e-03]
node606:[  1.29999299e+01   2.59813012e+01   8.36529443e-03]
node607:[  1.49999295e+01   2.59813014e+01   8.46175304e-03]
node608:[  1.69999291e+01   2.59813016e+01   8.55877678e-03]
node609:[  1.89999287e+01   2.59813019e+01   8.65636763e-03]
node610:[  2.09999283e+01   2.59813021e+01   8.75452758e-03]
node611:[  2.29999279e+01   2.59813023e+01   8.85325862e-03]
node612:[  2.49999274e+01   2.59813026e+01   8.95256276e-03]
node613:[  2.69999270e+01   2.59813028e+01   9.05244199e-03]
node614:[  2.89999266e+01   2.59813031e+01   9.15289832e-03]
node615:[  3.09999262e+01   2.59813033e+01   9.25393376e-03]
node616:[  3.29999258e+01   2.59813036e+01   9.35555033e-03]
node617:[  3.49999253e+01   2.59813038e+01   9.45775005e-03]
node618:[  3.69999249e+01   2.59813041e+01   9.56053494e-03]
node619:[  3.89999245e+01   2.59813043e+01   9.66390703e-03]
node620:[  4.09999240e+01   2.59813046e+01   9.76786837e-03]
node621:[  4.29999236e+01   2.59813048e+01   9.87242098e-03]
node622:[  4.49999232e+01   2.59813051e+01   9.97756691e-03]
node623:[  4.69999227e+01   2.59813053e+01   1.00833082e-02]
node624:[  4.89999223e+01   2.59813056e+01   1.01896469e-02]
node625:[  5.09999219e+01   2.59813058e+01   1.02965852e-02]
node626:[  5.29999214e+01   2.59813061e+01   1.04041249e-02]
node627:[  5.49999210e+01   2.59813063e+01   1.05122683e-02]
node628:[  5.69999205e+01   2.59813066e+01   1.06210174e-02]
node629:[  5.89999201e+01   2.59813068e+01   1.07303742e-02]
node630:[  6.09999197e+01   2.59813071e+01   1.08403409e-02]
node631:[  6.29999192e+01   2.59813073e+01   1.09509195e-02]
node632:[  6.49999188e+01   2.59813076e+01   1.10621121e-02]
node633:[  6.69999183e+01   2.59813079e+01   1.11739208e-02]
node634:[  6.89999179e+01   2.59813081e+01   1.12863478e-02]
node635:[  7.09999174e+01   2.59813084e+01   1.13993951e-02]
node636:[  7.29999169e+01   2.59813086e+01   1.15130649e-02]
node637:[  7.49999165e+01   2.59813089e+01   1.16273591e-02]
node638:[  7.69999160e+01   2.59813092e+01   1.17421555e-02]
node639:[  7.89999581e+01   2.59812365e+01   1.17419723e-02]
node640:[ -3.39975380e-05   2.77134096e+01   7.89132525e-03]
node641:[  1.99993137e+00   2.77133901e+01   8.03196163e-03]
node642:[  3.99993096e+00   2.77133903e+01   8.12645732e-03]
node643:[  5.99993055e+00   2.77133905e+01   8.22151122e-03]
node644:[  7.99993014e+00   2.77133908e+01   8.31712531e-03]
node645:[  9.99992973e+00   2.77133910e+01   8.41330156e-03]
node646:[  1.19999293e+01   2.77133912e+01   8.51004196e-03]
node647:[  1.39999289e+01   2.77133915e+01   8.60734847e-03]
node648:[  1.59999285e+01   2.77133917e+01   8.70522308e-03]
node649:[  1.79999281e+01   2.77133920e+01   8.80366780e-03]
node650:[  1.99999277e+01   2.77133922e+01   8.90268460e-03]
node651:[  2.19999272e+01   2.77133924e+01   9.00227549e-03]
node652:[  2.39999268e+01   2.77133927e+01   9.10244248e-03]
node653:[  2.59999264e+01   2.77133929e+01   9.20318757e-03]
node654:[  2.79999260e+01   2.77133932e+01   9.30451278e-03]
node655:[  2.99999255e+01   2.77133934e+01   9.40642013e-03]
node656:[  3.19999251e+01   2.77133937e+01   9.50891164e-03]
node657:[  3.39999247e+01   2.77133939e+01   9.61198933e-03]
node658:[  3.59999243e+01   2.77133942e+01   9.71565524e-03]
node659:[  3.79999238e+01   2.77133944e+01   9.81991141e-03]
node660:[  3.99999234e+01   2.77133947e+01   9.92475988e-03]
node661:[  4.19999230e+01   2.77133949e+01   1.00302027e-02]
node662:[  4.39999225e+01   2.77133952e+01   1.01362419e-02]
node663:[  4.59999221e+01   2.77133954e+01   1.02428796e-02]
node664:[  4.79999216e+01   2.77133957e+01   1.03501177e-02]
node665:[  4.99999212e+01   2.77133959e+01   1.04579585e-02]
node666:[  5.19999208e+01   2.77133962e+01   1.05664039e-02]
node667:[  5.39999203e+01   2.77133964e+01   1.06754560e-02]
node668:[  5.59999199e+01   2.77133967e+01   1.07851169e-02]
node669:[  5.79999194e+01   2.77133970e+01   1.08953888e-02]
node670:[  5.99999190e+01   2.77133972e+01   1.10062736e-02]
node671:[  6.19999185e+01   2.77133975e+01   1.11177734e-02]
node672:[  6.39999181e+01   2.77133977e+01   1.12298905e-02]
node673:[  6.59999176e+01   2.77133980e+01   1.13426268e-02]
node674:[  6.79999172e+01   2.77133983e+01   1.14559845e-02]
node675:[  6.99999167e+01   2.77133985e+01   1.15699657e-02]
node676:[  7.19999163e+01   2.77133988e+01   1.16845725e-02]
node677:[  7.39999158e+01   2.77133990e+01   1.17998070e-02]
node678:[  7.59999153e+01   2.77133993e+01   1.19156484e-02]
node679:[  7.79999151e+01   2.77133504e+01   1.19738001e-02]
node680:[  9.99930765e-01   2.94454807e+01   8.17387362e-03]
node681:[  2.99993035e+00   2.94454810e+01   8.26922735e-03]
node682:[  4.99992994e+00   2.94454812e+01   8.36512220e-03]
node683:[  6.99992953e+00   2.94454814e+01   8.46158020e-03]
node684:[  8.99992911e+00   2.94454817e+01   8.55860333e-03]
node685:[  1.09999287e+01   2.94454819e+01   8.65619358e-03]
node686:[  1.29999283e+01   2.94454822e+01   8.75435292e-03]
node687:[  1.49999279e+01   2.94454824e+01   8.85308335e-03]
node688:[  1.69999274e+01   2.94454826e+01   8.95238688e-03]
node689:[  1.89999270e+01   2.94454829e+01   9.05226549e-03]
node690:[  2.09999266e+01   2.94454831e+01   9.15272121e-03]
node691:[  2.29999262e+01   2.94454834e+01   9.25375603e-03]
node692:[  2.49999258e+01   2.94454836e+01   9.35537198e-03]
node693:[  2.69999253e+01   2.94454839e+01   9.45757108e-03]
node694:[  2.89999249e+01   2.94454841e+01   9.56035535e-03]
node695:[  3.09999245e+01   2.94454844e+01   9.66372683e-03]
node696:[  3.29999240e+01   2.94454846e+01   9.76768754e-03]
node697:[  3.49999236e+01   2.94454849e+01   9.87223952e-03]
node698:[  3.69999232e+01   2.94454851e+01   9.97738483e-03]
node699:[  3.89999227e+01   2.94454854e+01   1.00831255e-02]
node700:[  4.09999223e+01   2.94454856e+01   1.01894636e-02]
node701:[  4.29999219e+01   2.94454859e+01   1.02964012e-02]
node702:[  4.49999214e+01   2.94454861e+01   1.04039403e-02]
node703:[  4.69999210e+01   2.94454864e+01   1.05120831e-02]
node704:[  4.89999205e+01   2.94454866e+01   1.06208315e-02]
node705:[  5.09999201e+01   2.94454869e+01   1.07301877e-02]
node706:[  5.29999197e+01   2.94454871e+01   1.08401537e-02]
node707:[  5.49999192e+01   2.94454874e+01   1.09507317e-02]
node708:[  5.69999188e+01   2.94454877e+01   1.10619237e-02]
node709:[  5.89999183e+01   2.94454879e+01   1.11737318e-02]
node710:[  6.09999179e+01   2.94454882e+01   1.12861581e-02]
node711:[  6.29999174e+01   2.94454884e+01   1.13992048e-02]
node712:[  6.49999170e+01   2.94454887e+01   1.15128739e-02]
node713:[  6.69999165e+01   2.94454890e+01   1.16271675e-02]
node714:[  6.89999160e+01   2.94454892e+01   1.17420879e-02]
node715:[  7.09999156e+01   2.94454895e+01   1.18576370e-02]
node716:[  7.29999151e+01   2.94454898e+01   1.19738171e-02]
node717:[  7.49999147e+01   2.94454900e+01   1.20906301e-02]
node718:[  7.69999142e+01   2.94454903e+01   1.22079522e-02]
node719:[  7.89999572e+01   2.94454161e+01   1.22077665e-02]
node720:[ -3.48090534e-05   3.11775920e+01   8.26914217e-03]
node721:[  1.99992973e+00   3.11775720e+01   8.41312902e-03]
node722:[  3.99992932e+00   3.11775722e+01   8.50986881e-03]
node723:[  5.99992891e+00   3.11775725e+01   8.60717472e-03]
node724:[  7.99992849e+00   3.11775727e+01   8.70504873e-03]
node725:[  9.99992808e+00   3.11775730e+01   8.80349283e-03]
node726:[  1.19999277e+01   3.11775732e+01   8.90250902e-03]
node727:[  1.39999272e+01   3.11775734e+01   9.00209930e-03]
node728:[  1.59999268e+01   3.11775737e+01   9.10226568e-03]
node729:[  1.79999264e+01   3.11775739e+01   9.20301015e-03]
node730:[  1.99999260e+01   3.11775742e+01   9.30433475e-03]
node731:[  2.19999255e+01   3.11775744e+01   9.40624148e-03]
node732:[  2.39999251e+01   3.11775747e+01   9.50873236e-03]
node733:[  2.59999247e+01   3.11775749e+01   9.61180944e-03]
node734:[  2.79999243e+01   3.11775752e+01   9.71547473e-03]
node735:[  2.99999238e+01   3.11775754e+01   9.81973027e-03]
node736:[  3.19999234e+01   3.11775757e+01   9.92457811e-03]
node737:[  3.39999230e+01   3.11775759e+01   1.00300203e-02]
node738:[  3.59999225e+01   3.11775762e+01   1.01360589e-02]
node739:[  3.79999221e+01   3.11775764e+01   1.02426959e-02]
node740:[  3.99999217e+01   3.11775767e+01   1.03499335e-02]
node741:[  4.19999212e+01   3.11775769e+01   1.04577736e-02]
node742:[  4.39999208e+01   3.11775772e+01   1.05662183e-02]
node743:[  4.59999203e+01   3.11775774e+01   1.06752698e-02]
node744:[  4.79999199e+01   3.11775777e+01   1.07849301e-02]
node745:[  4.99999194e+01   3.11775779e+01   1.08952013e-02]
node746:[  5.19999190e+01   3.11775782e+01   1.10060855e-02]
node747:[  5.39999185e+01   3.11775785e+01   1.11175847e-02]
node748:[  5.59999181e+01   3.11775787e+01   1.12297011e-02]
node749:[  5.79999176e+01   3.11775790e+01   1.13424367e-02]
node750:[  5.99999172e+01   3.11775792e+01   1.14557938e-02]
node751:[  6.19999167e+01   3.11775795e+01   1.15697743e-02]
node752:[  6.39999163e+01   3.11775798e+01   1.16843805e-02]
node753:[  6.59999158e+01   3.11775800e+01   1.17996144e-02]
node754:[  6.79999153e+01   3.11775803e+01   1.19154782e-02]
node755:[  6.99999149e+01   3.11775806e+01   1.20319739e-02]
node756:[  7.19999144e+01   3.11775808e+01   1.21491038e-02]
node757:[  7.39999140e+01   3.11775811e+01   1.22668700e-02]
node758:[  7.59999135e+01   3.11775814e+01   1.23852513e-02]
node759:[  7.79999132e+01   3.11775314e+01   1.24446760e-02]
node760:[  9.99929123e-01   3.29096636e+01   8.55840955e-03]
node761:[  2.99992870e+00   3.29096639e+01   8.65601952e-03]
node762:[  4.99992828e+00   3.29096641e+01   8.75417826e-03]
node763:[  6.99992787e+00   3.29096643e+01   8.85290808e-03]
node764:[  8.99992745e+00   3.29096646e+01   8.95221099e-03]
node765:[  1.09999270e+01   3.29096648e+01   9.05208900e-03]
node766:[  1.29999266e+01   3.29096651e+01   9.15254410e-03]
node767:[  1.49999262e+01   3.29096653e+01   9.25357831e-03]
node768:[  1.69999258e+01   3.29096656e+01   9.35519364e-03]
node769:[  1.89999253e+01   3.29096658e+01   9.45739212e-03]
node770:[  2.09999249e+01   3.29096660e+01   9.56017577e-03]
node771:[  2.29999245e+01   3.29096663e+01   9.66354662e-03]
node772:[  2.49999240e+01   3.29096665e+01   9.76750671e-03]
node773:[  2.69999236e+01   3.29096668e+01   9.87205807e-03]
node774:[  2.89999232e+01   3.29096670e+01   9.97720275e-03]
node775:[  3.09999227e+01   3.29096673e+01   1.00829428e-02]
node776:[  3.29999223e+01   3.29096675e+01   1.01892803e-02]
node777:[  3.49999219e+01   3.29096678e+01   1.02962172e-02]
node778:[  3.69999214e+01   3.29096681e+01   1.04037557e-02]
node779:[  3.89999210e+01   3.29096683e+01   1.05118978e-02]
node780:[  4.09999205e+01   3.29096686e+01   1.06206456e-02]
node781:[  4.29999201e+01   3.29096688e+01   1.07300012e-02]
node782:[  4.49999197e+01   3.29096691e+01   1.08399666e-02]
node783:[  4.69999192e+01   3.29096693e+01   1.09505439e-02]
node784:[  4.89999188e+01   3.29096696e+01   1.10617353e-02]
node785:[  5.09999183e+01   3.29096699e+01   1.11735427e-02]
node786:[  5.29999179e+01   3.29096701e+01   1.12859684e-02]
node787:[  5.49999174e+01   3.29096704e+01   1.13990144e-02]
node788:[  5.69999170e+01   3.29096706e+01   1.15126829e-02]
node789:[  5.89999165e+01   3.29096709e+01   1.16269759e-02]
node790:[  6.09999160e+01   3.29096712e+01   1.17418956e-02]
node791:[  6.29999156e+01   3.29096714e+01   1.18574441e-02]
node792:[  6.49999151e+01   3.29096717e+01   1.19736235e-02]
node793:[  6.69999147e+01   3.29096720e+01   1.20904360e-02]
node794:[  6.89999142e+01   3.29096722e+01   1.22078836e-02]
node795:[  7.09999137e+01   3.29096725e+01   1.23259687e-02]
node796:[  7.29999133e+01   3.29096728e+01   1.24446932e-02]
node797:[  7.49999128e+01   3.29096730e+01   1.25640593e-02]
node798:[  7.69999123e+01   3.29096733e+01   1.26839413e-02]
node799:[  7.89999562e+01   3.29095975e+01   1.26837532e-02]
node800:[ -3.56320678e-05   3.46417763e+01   8.65593314e-03]
node801:[  1.99992808e+00   3.46417558e+01   8.80331785e-03]
node802:[  3.99992766e+00   3.46417561e+01   8.90233344e-03]
node803:[  5.99992724e+00   3.46417563e+01   9.00192311e-03]
node804:[  7.99992682e+00   3.46417566e+01   9.10208887e-03]
node805:[  9.99992640e+00   3.46417568e+01   9.20283274e-03]
node806:[  1.19999260e+01   3.46417571e+01   9.30415671e-03]
node807:[  1.39999255e+01   3.46417573e+01   9.40606282e-03]
node808:[  1.59999251e+01   3.46417575e+01   9.50855309e-03]
node809:[  1.79999247e+01   3.46417578e+01   9.61162954e-03]
node810:[  1.99999243e+01   3.46417580e+01   9.71529421e-03]
node811:[  2.19999238e+01   3.46417583e+01   9.81954913e-03]
node812:[  2.39999234e+01   3.46417585e+01   9.92439635e-03]
node813:[  2.59999230e+01   3.46417588e+01   1.00298379e-02]
node814:[  2.79999225e+01   3.46417590e+01   1.01358759e-02]
node815:[  2.99999221e+01   3.46417593e+01   1.02425123e-02]
node816:[  3.19999217e+01   3.46417595e+01   1.03497492e-02]
node817:[  3.39999212e+01   3.46417598e+01   1.04575887e-02]
node818:[  3.59999208e+01   3.46417601e+01   1.05660328e-02]
node819:[  3.79999203e+01   3.46417603e+01   1.06750836e-02]
node820:[  3.99999199e+01   3.46417606e+01   1.07847433e-02]
node821:[  4.19999194e+01   3.46417608e+01   1.08950138e-02]
node822:[  4.39999190e+01   3.46417611e+01   1.10058974e-02]
node823:[  4.59999185e+01   3.46417613e+01   1.11173959e-02]
node824:[  4.79999181e+01   3.46417616e+01   1.12295117e-02]
node825:[  4.99999176e+01   3.46417619e+01   1.13422467e-02]
node826:[  5.19999172e+01   3.46417621e+01   1.14556031e-02]
node827:[  5.39999167e+01   3.46417624e+01   1.15695830e-02]
node828:[  5.59999163e+01   3.46417627e+01   1.16841885e-02]
node829:[  5.79999158e+01   3.46417629e+01   1.17994218e-02]
node830:[  5.99999153e+01   3.46417632e+01   1.19152849e-02]
node831:[  6.19999149e+01   3.46417634e+01   1.20317800e-02]
node832:[  6.39999144e+01   3.46417637e+01   1.21489092e-02]
node833:[  6.59999140e+01   3.46417640e+01   1.22666747e-02]
node834:[  6.79999135e+01   3.46417643e+01   1.23850787e-02]
node835:[  6.99999130e+01   3.46417645e+01   1.25041232e-02]
node836:[  7.19999126e+01   3.46417648e+01   1.26238104e-02]
node837:[  7.39999121e+01   3.46417651e+01   1.27441426e-02]
node838:[  7.59999116e+01   3.46417653e+01   1.28650982e-02]
node839:[  7.79999113e+01   3.46417143e+01   1.29258132e-02]
node840:[  9.99927458e-01   3.63738484e+01   8.95201449e-03]
node841:[  2.99992703e+00   3.63738487e+01   9.05191250e-03]
node842:[  4.99992661e+00   3.63738489e+01   9.15236699e-03]
node843:[  6.99992619e+00   3.63738491e+01   9.25340058e-03]
node844:[  8.99992576e+00   3.63738494e+01   9.35501530e-03]
node845:[  1.09999253e+01   3.63738496e+01   9.45721316e-03]
node846:[  1.29999249e+01   3.63738499e+01   9.55999619e-03]
node847:[  1.49999245e+01   3.63738501e+01   9.66336642e-03]
node848:[  1.69999240e+01   3.63738504e+01   9.76732588e-03]
node849:[  1.89999236e+01   3.63738506e+01   9.87187662e-03]
node850:[  2.09999232e+01   3.63738509e+01   9.97702068e-03]
node851:[  2.29999227e+01   3.63738511e+01   1.00827601e-02]
node852:[  2.49999223e+01   3.63738514e+01   1.01890969e-02]
node853:[  2.69999219e+01   3.63738516e+01   1.02960333e-02]
node854:[  2.89999214e+01   3.63738519e+01   1.04035711e-02]
node855:[  3.09999210e+01   3.63738521e+01   1.05117126e-02]
node856:[  3.29999205e+01   3.63738524e+01   1.06204598e-02]
node857:[  3.49999201e+01   3.63738527e+01   1.07298147e-02]
node858:[  3.69999197e+01   3.63738529e+01   1.08397794e-02]
node859:[  3.89999192e+01   3.63738532e+01   1.09503561e-02]
node860:[  4.09999188e+01   3.63738534e+01   1.10615468e-02]
node861:[  4.29999183e+01   3.63738537e+01   1.11733537e-02]
node862:[  4.49999179e+01   3.63738539e+01   1.12857787e-02]
node863:[  4.69999174e+01   3.63738542e+01   1.13988241e-02]
node864:[  4.89999170e+01   3.63738545e+01   1.15124919e-02]
node865:[  5.09999165e+01   3.63738547e+01   1.16267843e-02]
node866:[  5.29999160e+01   3.63738550e+01   1.17417033e-02]
node867:[  5.49999156e+01   3.63738553e+01   1.18572511e-02]
node868:[  5.69999151e+01   3.63738555e+01   1.19734299e-02]
node869:[  5.89999147e+01   3.63738558e+01   1.20902417e-02]
node870:[  6.09999142e+01   3.63738561e+01   1.22076887e-02]
node871:[  6.29999137e+01   3.63738563e+01   1.23257731e-02]
node872:[  6.49999133e+01   3.63738566e+01   1.24444970e-02]
node873:[  6.69999128e+01   3.63738569e+01   1.25638625e-02]
node874:[  6.89999123e+01   3.63738571e+01   1.26838719e-02]
node875:[  7.09999118e+01   3.63738574e+01   1.28045272e-02]
node876:[  7.29999114e+01   3.63738577e+01   1.29258307e-02]
node877:[  7.49999109e+01   3.63738580e+01   1.30477843e-02]
node878:[  7.69999104e+01   3.63738582e+01   1.31702610e-02]
node879:[  7.89999553e+01   3.63737807e+01   1.31700703e-02]
node880:[ -3.64666889e-05   3.81059625e+01   9.05182490e-03]
node881:[  1.99992640e+00   3.81059416e+01   9.20265531e-03]
node882:[  3.99992597e+00   3.81059418e+01   9.30397868e-03]
node883:[  5.99992555e+00   3.81059421e+01   9.40588417e-03]
node884:[  7.99992512e+00   3.81059423e+01   9.50837382e-03]
node885:[  9.99992469e+00   3.81059426e+01   9.61144965e-03]
node886:[  1.19999243e+01   3.81059428e+01   9.71511369e-03]
node887:[  1.39999238e+01   3.81059431e+01   9.81936799e-03]
node888:[  1.59999234e+01   3.81059433e+01   9.92421458e-03]
node889:[  1.79999230e+01   3.81059436e+01   1.00296555e-02]
node890:[  1.99999225e+01   3.81059438e+01   1.01356928e-02]
node891:[  2.19999221e+01   3.81059441e+01   1.02423286e-02]
node892:[  2.39999217e+01   3.81059443e+01   1.03495649e-02]
node893:[  2.59999212e+01   3.81059446e+01   1.04574037e-02]
node894:[  2.79999208e+01   3.81059448e+01   1.05658472e-02]
node895:[  2.99999203e+01   3.81059451e+01   1.06748975e-02]
node896:[  3.19999199e+01   3.81059454e+01   1.07845565e-02]
node897:[  3.39999194e+01   3.81059456e+01   1.08948264e-02]
node898:[  3.59999190e+01   3.81059459e+01   1.10057093e-02]
node899:[  3.79999185e+01   3.81059461e+01   1.11172072e-02]
node900:[  3.99999181e+01   3.81059464e+01   1.12293223e-02]
node901:[  4.19999176e+01   3.81059467e+01   1.13420567e-02]
node902:[  4.39999172e+01   3.81059469e+01   1.14554124e-02]
node903:[  4.59999167e+01   3.81059472e+01   1.15693917e-02]
node904:[  4.79999163e+01   3.81059474e+01   1.16839966e-02]
node905:[  4.99999158e+01   3.81059477e+01   1.17992292e-02]
node906:[  5.19999153e+01   3.81059480e+01   1.19150916e-02]
node907:[  5.39999149e+01   3.81059482e+01   1.20315861e-02]
node908:[  5.59999144e+01   3.81059485e+01   1.21487146e-02]
node909:[  5.79999140e+01   3.81059488e+01   1.22664795e-02]
node910:[  5.99999135e+01   3.81059490e+01   1.23848828e-02]
node911:[  6.19999130e+01   3.81059493e+01   1.25039266e-02]
node912:[  6.39999126e+01   3.81059496e+01   1.26236132e-02]
node913:[  6.59999121e+01   3.81059499e+01   1.27439447e-02]
node914:[  6.79999116e+01   3.81059501e+01   1.28649232e-02]
node915:[  6.99999111e+01   3.81059504e+01   1.29865510e-02]
node916:[  7.19999107e+01   3.81059507e+01   1.31088302e-02]
node917:[  7.39999102e+01   3.81059510e+01   1.32317630e-02]
node918:[  7.59999097e+01   3.81059512e+01   1.33553276e-02]
node919:[  7.79999094e+01   3.81058991e+01   1.34173503e-02]
node920:[  9.99925770e-01   3.98380352e+01   9.35481604e-03]
node921:[  2.99992534e+00   3.98380354e+01   9.45703420e-03]
node922:[  4.99992491e+00   3.98380356e+01   9.55981661e-03]
node923:[  6.99992448e+00   3.98380359e+01   9.66318622e-03]
node924:[  8.99992405e+00   3.98380361e+01   9.76714506e-03]
node925:[  1.09999236e+01   3.98380364e+01   9.87169517e-03]
node926:[  1.29999232e+01   3.98380366e+01   9.97683860e-03]
node927:[  1.49999227e+01   3.98380369e+01   1.00825774e-02]
node928:[  1.69999223e+01   3.98380371e+01   1.01889136e-02]
node929:[  1.89999219e+01   3.98380374e+01   1.02958493e-02]
node930:[  2.09999214e+01   3.98380377e+01   1.04033865e-02]
node931:[  2.29999210e+01   3.98380379e+01   1.05115274e-02]
node932:[  2.49999206e+01   3.98380382e+01   1.06202739e-02]
node933:[  2.69999201e+01   3.98380384e+01   1.07296282e-02]
node934:[  2.89999197e+01   3.98380387e+01   1.08395923e-02]
node935:[  3.09999192e+01   3.98380389e+01   1.09501684e-02]
node936:[  3.29999188e+01   3.98380392e+01   1.10613584e-02]
node937:[  3.49999183e+01   3.98380395e+01   1.11731646e-02]
node938:[  3.69999179e+01   3.98380397e+01   1.12855890e-02]
node939:[  3.89999174e+01   3.98380400e+01   1.13986337e-02]
node940:[  4.09999170e+01   3.98380402e+01   1.15123009e-02]
node941:[  4.29999165e+01   3.98380405e+01   1.16265926e-02]
node942:[  4.49999160e+01   3.98380408e+01   1.17415110e-02]
node943:[  4.69999156e+01   3.98380410e+01   1.18570582e-02]
node944:[  4.89999151e+01   3.98380413e+01   1.19732363e-02]
node945:[  5.09999147e+01   3.98380416e+01   1.20900475e-02]
node946:[  5.29999142e+01   3.98380418e+01   1.22074938e-02]
node947:[  5.49999137e+01   3.98380421e+01   1.23255775e-02]
node948:[  5.69999133e+01   3.98380424e+01   1.24443008e-02]
node949:[  5.89999128e+01   3.98380426e+01   1.25636656e-02]
node950:[  6.09999123e+01   3.98380429e+01   1.26836743e-02]
node951:[  6.29999118e+01   3.98380432e+01   1.28043290e-02]
node952:[  6.49999114e+01   3.98380435e+01   1.29256318e-02]
node953:[  6.69999109e+01   3.98380437e+01   1.30475849e-02]
node954:[  6.89999104e+01   3.98380440e+01   1.31701905e-02]
node955:[  7.09999099e+01   3.98380443e+01   1.32934508e-02]
node956:[  7.29999095e+01   3.98380446e+01   1.34173680e-02]
node957:[  7.49999090e+01   3.98380448e+01   1.35419442e-02]
node958:[  7.69999085e+01   3.98380451e+01   1.36670503e-02]
node959:[  7.89999543e+01   3.98379659e+01   1.36668570e-02]
node960:[ -3.73130251e-05   4.15701507e+01   9.45694537e-03]
node961:[  1.99992469e+00   4.15701293e+01   9.61126974e-03]
node962:[  3.99992426e+00   4.15701296e+01   9.71493317e-03]
node963:[  5.99992383e+00   4.15701298e+01   9.81918685e-03]
node964:[  7.99992340e+00   4.15701301e+01   9.92403281e-03]
node965:[  9.99992297e+00   4.15701303e+01   1.00294731e-02]
node966:[  1.19999225e+01   4.15701306e+01   1.01355098e-02]
node967:[  1.39999221e+01   4.15701308e+01   1.02421450e-02]
node968:[  1.59999217e+01   4.15701311e+01   1.03493806e-02]
node969:[  1.79999212e+01   4.15701313e+01   1.04572188e-02]
node970:[  1.99999208e+01   4.15701316e+01   1.05656617e-02]
node971:[  2.19999203e+01   4.15701318e+01   1.06747113e-02]
node972:[  2.39999199e+01   4.15701321e+01   1.07843697e-02]
node973:[  2.59999194e+01   4.15701324e+01   1.08946389e-02]
node974:[  2.79999190e+01   4.15701326e+01   1.10055212e-02]
node975:[  2.99999185e+01   4.15701329e+01   1.11170185e-02]
node976:[  3.19999181e+01   4.15701331e+01   1.12291329e-02]
node977:[  3.39999176e+01   4.15701334e+01   1.13418667e-02]
node978:[  3.59999172e+01   4.15701337e+01   1.14552218e-02]
node979:[  3.79999167e+01   4.15701339e+01   1.15692004e-02]
node980:[  3.99999163e+01   4.15701342e+01   1.16838046e-02]
node981:[  4.19999158e+01   4.15701344e+01   1.17990365e-02]
node982:[  4.39999154e+01   4.15701347e+01   1.19148983e-02]
node983:[  4.59999149e+01   4.15701350e+01   1.20313921e-02]
node984:[  4.79999144e+01   4.15701352e+01   1.21485201e-02]
node985:[  4.99999140e+01   4.15701355e+01   1.22662843e-02]
node986:[  5.19999135e+01   4.15701358e+01   1.23846869e-02]
node987:[  5.39999130e+01   4.15701361e+01   1.25037301e-02]
node988:[  5.59999126e+01   4.15701363e+01   1.26234160e-02]
node989:[  5.79999121e+01   4.15701366e+01   1.27437468e-02]
node990:[  5.99999116e+01   4.15701369e+01   1.28647247e-02]
node991:[  6.19999111e+01   4.15701371e+01   1.29863518e-02]
node992:[  6.39999107e+01   4.15701374e+01   1.31086303e-02]
node993:[  6.59999102e+01   4.15701377e+01   1.32315624e-02]
node994:[  6.79999097e+01   4.15701380e+01   1.33551503e-02]
node995:[  6.99999092e+01   4.15701382e+01   1.34793962e-02]
node996:[  7.19999087e+01   4.15701385e+01   1.36043022e-02]
node997:[  7.39999083e+01   4.15701388e+01   1.37298706e-02]
node998:[  7.59999078e+01   4.15701391e+01   1.38560793e-02]
node999:[  7.79999075e+01   4.15700858e+01   1.39194273e-02]
node1000:[  9.99924059e-01   4.33022239e+01   9.76694303e-03]
node1001:[  2.99992362e+00   4.33022241e+01   9.87151372e-03]
node1002:[  4.99992318e+00   4.33022244e+01   9.97665652e-03]
node1003:[  6.99992275e+00   4.33022246e+01   1.00823947e-02]
node1004:[  8.99992231e+00   4.33022249e+01   1.01887303e-02]
node1005:[  1.09999219e+01   4.33022251e+01   1.02956653e-02]
node1006:[  1.29999214e+01   4.33022254e+01   1.04032019e-02]
node1007:[  1.49999210e+01   4.33022256e+01   1.05113421e-02]
node1008:[  1.69999206e+01   4.33022259e+01   1.06200880e-02]
node1009:[  1.89999201e+01   4.33022261e+01   1.07294417e-02]
node1010:[  2.09999197e+01   4.33022264e+01   1.08394052e-02]
node1011:[  2.29999192e+01   4.33022267e+01   1.09499806e-02]
node1012:[  2.49999188e+01   4.33022269e+01   1.10611700e-02]
node1013:[  2.69999183e+01   4.33022272e+01   1.11729755e-02]
node1014:[  2.89999179e+01   4.33022274e+01   1.12853993e-02]
node1015:[  3.09999174e+01   4.33022277e+01   1.13984434e-02]
node1016:[  3.29999170e+01   4.33022280e+01   1.15121099e-02]
node1017:[  3.49999165e+01   4.33022282e+01   1.16264010e-02]
node1018:[  3.69999160e+01   4.33022285e+01   1.17413187e-02]
node1019:[  3.89999156e+01   4.33022287e+01   1.18568652e-02]
node1020:[  4.09999151e+01   4.33022290e+01   1.19730427e-02]
node1021:[  4.29999147e+01   4.33022293e+01   1.20898532e-02]
node1022:[  4.49999142e+01   4.33022295e+01   1.22072989e-02]
node1023:[  4.69999137e+01   4.33022298e+01   1.23253820e-02]
node1024:[  4.89999133e+01   4.33022301e+01   1.24441045e-02]
node1025:[  5.09999128e+01   4.33022304e+01   1.25634688e-02]
node1026:[  5.29999123e+01   4.33022306e+01   1.26834768e-02]
node1027:[  5.49999119e+01   4.33022309e+01   1.28041308e-02]
node1028:[  5.69999114e+01   4.33022312e+01   1.29254329e-02]
node1029:[  5.89999109e+01   4.33022314e+01   1.30473854e-02]
node1030:[  6.09999104e+01   4.33022317e+01   1.31699903e-02]
node1031:[  6.29999099e+01   4.33022320e+01   1.32932500e-02]
node1032:[  6.49999095e+01   4.33022323e+01   1.34171665e-02]
node1033:[  6.69999090e+01   4.33022326e+01   1.35417421e-02]
node1034:[  6.89999085e+01   4.33022328e+01   1.36669789e-02]
node1035:[  7.09999080e+01   4.33022331e+01   1.37928792e-02]
node1036:[  7.29999075e+01   4.33022334e+01   1.39194452e-02]
node1037:[  7.49999070e+01   4.33022337e+01   1.40466790e-02]
node1038:[  7.69999065e+01   4.33022340e+01   1.41744498e-02]
node1039:[  7.89999534e+01   4.33021531e+01   1.41742540e-02]
node1040:[ -3.81711855e-05   4.50343409e+01   9.87142365e-03]
node1041:[  1.99992297e+00   4.50343190e+01   1.00292907e-02]
node1042:[  3.99992253e+00   4.50343193e+01   1.01353268e-02]
node1043:[  5.99992209e+00   4.50343195e+01   1.02419613e-02]
node1044:[  7.99992166e+00   4.50343198e+01   1.03491963e-02]
node1045:[  9.99992122e+00   4.50343200e+01   1.04570339e-02]
node1046:[  1.19999208e+01   4.50343203e+01   1.05654761e-02]
node1047:[  1.39999203e+01   4.50343205e+01   1.06745251e-02]
node1048:[  1.59999199e+01   4.50343208e+01   1.07841828e-02]
node1049:[  1.79999194e+01   4.50343211e+01   1.08944515e-02]
node1050:[  1.99999190e+01   4.50343213e+01   1.10053331e-02]
node1051:[  2.19999185e+01   4.50343216e+01   1.11168297e-02]
node1052:[  2.39999181e+01   4.50343218e+01   1.12289435e-02]
node1053:[  2.59999176e+01   4.50343221e+01   1.13416766e-02]
node1054:[  2.79999172e+01   4.50343224e+01   1.14550311e-02]
node1055:[  2.99999167e+01   4.50343226e+01   1.15690091e-02]
node1056:[  3.19999163e+01   4.50343229e+01   1.16836126e-02]
node1057:[  3.39999158e+01   4.50343232e+01   1.17988439e-02]
node1058:[  3.59999154e+01   4.50343234e+01   1.19147051e-02]
node1059:[  3.79999149e+01   4.50343237e+01   1.20311982e-02]
node1060:[  3.99999144e+01   4.50343240e+01   1.21483255e-02]
node1061:[  4.19999140e+01   4.50343242e+01   1.22660890e-02]
node1062:[  4.39999135e+01   4.50343245e+01   1.23844910e-02]
node1063:[  4.59999130e+01   4.50343248e+01   1.25035335e-02]
node1064:[  4.79999126e+01   4.50343250e+01   1.26232188e-02]
node1065:[  4.99999121e+01   4.50343253e+01   1.27435490e-02]
node1066:[  5.19999116e+01   4.50343256e+01   1.28645262e-02]
node1067:[  5.39999111e+01   4.50343258e+01   1.29861526e-02]
node1068:[  5.59999107e+01   4.50343261e+01   1.31084305e-02]
node1069:[  5.79999102e+01   4.50343264e+01   1.32313619e-02]
node1070:[  5.99999097e+01   4.50343267e+01   1.33549491e-02]
node1071:[  6.19999092e+01   4.50343270e+01   1.34791943e-02]
node1072:[  6.39999087e+01   4.50343272e+01   1.36040996e-02]
node1073:[  6.59999083e+01   4.50343275e+01   1.37296674e-02]
node1074:[  6.79999078e+01   4.50343278e+01   1.38558996e-02]
node1075:[  6.99999073e+01   4.50343281e+01   1.39827987e-02]
node1076:[  7.19999068e+01   4.50343284e+01   1.41103668e-02]
node1077:[  7.39999063e+01   4.50343286e+01   1.42386061e-02]
node1078:[  7.59999058e+01   4.50343289e+01   1.43674942e-02]
node1079:[  7.79999055e+01   4.50342745e+01   1.44321852e-02]
node1080:[  9.99922323e-01   4.67664146e+01   1.01885254e-02]
node1081:[  2.99992188e+00   4.67664148e+01   1.02954814e-02]
node1082:[  4.99992144e+00   4.67664151e+01   1.04030173e-02]
node1083:[  6.99992100e+00   4.67664153e+01   1.05111569e-02]
node1084:[  8.99992055e+00   4.67664156e+01   1.06199022e-02]
node1085:[  1.09999201e+01   4.67664158e+01   1.07292552e-02]
node1086:[  1.29999197e+01   4.67664161e+01   1.08392180e-02]
node1087:[  1.49999192e+01   4.67664164e+01   1.09497928e-02]
node1088:[  1.69999188e+01   4.67664166e+01   1.10609816e-02]
node1089:[  1.89999183e+01   4.67664169e+01   1.11727865e-02]
node1090:[  2.09999179e+01   4.67664171e+01   1.12852096e-02]
node1091:[  2.29999174e+01   4.67664174e+01   1.13982530e-02]
node1092:[  2.49999170e+01   4.67664177e+01   1.15119189e-02]
node1093:[  2.69999165e+01   4.67664179e+01   1.16262093e-02]
node1094:[  2.89999160e+01   4.67664182e+01   1.17411264e-02]
node1095:[  3.09999156e+01   4.67664184e+01   1.18566723e-02]
node1096:[  3.29999151e+01   4.67664187e+01   1.19728491e-02]
node1097:[  3.49999147e+01   4.67664190e+01   1.20896590e-02]
node1098:[  3.69999142e+01   4.67664193e+01   1.22071040e-02]
node1099:[  3.89999137e+01   4.67664195e+01   1.23251864e-02]
node1100:[  4.09999133e+01   4.67664198e+01   1.24439083e-02]
node1101:[  4.29999128e+01   4.67664201e+01   1.25632719e-02]
node1102:[  4.49999123e+01   4.67664203e+01   1.26832792e-02]
node1103:[  4.69999119e+01   4.67664206e+01   1.28039326e-02]
node1104:[  4.89999114e+01   4.67664209e+01   1.29252340e-02]
node1105:[  5.09999109e+01   4.67664211e+01   1.30471858e-02]
node1106:[  5.29999104e+01   4.67664214e+01   1.31697901e-02]
node1107:[  5.49999099e+01   4.67664217e+01   1.32930491e-02]
node1108:[  5.69999095e+01   4.67664220e+01   1.34169650e-02]
node1109:[  5.89999090e+01   4.67664223e+01   1.35415399e-02]
node1110:[  6.09999085e+01   4.67664225e+01   1.36667760e-02]
node1111:[  6.29999080e+01   4.67664228e+01   1.37926757e-02]
node1112:[  6.49999075e+01   4.67664231e+01   1.39192410e-02]
node1113:[  6.69999070e+01   4.67664234e+01   1.40464742e-02]
node1114:[  6.89999066e+01   4.67664237e+01   1.41743775e-02]
node1115:[  7.09999061e+01   4.67664239e+01   1.43029532e-02]
node1116:[  7.29999056e+01   4.67664242e+01   1.44322034e-02]
node1117:[  7.49999051e+01   4.67664245e+01   1.45621303e-02]
node1118:[  7.69999046e+01   4.67664248e+01   1.46926014e-02]
node1119:[  7.89999524e+01   4.67663422e+01   1.46924030e-02]
node1120:[ -3.90412800e-05   4.84985331e+01   1.02953901e-02]
node1121:[  1.99992122e+00   4.84985107e+01   1.04568490e-02]
node1122:[  3.99992078e+00   4.84985110e+01   1.05652906e-02]
node1123:[  5.99992033e+00   4.84985113e+01   1.06743389e-02]
node1124:[  7.99991989e+00   4.84985115e+01   1.07839960e-02]
node1125:[  9.99991944e+00   4.84985118e+01   1.08942640e-02]
node1126:[  1.19999190e+01   4.84985120e+01   1.10051450e-02]
node1127:[  1.39999185e+01   4.84985123e+01   1.11166410e-02]
node1128:[  1.59999181e+01   4.84985125e+01   1.12287542e-02]
node1129:[  1.79999176e+01   4.84985128e+01   1.13414866e-02]
node1130:[  1.99999172e+01   4.84985131e+01   1.14548404e-02]
node1131:[  2.19999167e+01   4.84985133e+01   1.15688177e-02]
node1132:[  2.39999163e+01   4.84985136e+01   1.16834206e-02]
node1133:[  2.59999158e+01   4.84985139e+01   1.17986513e-02]
node1134:[  2.79999154e+01   4.84985141e+01   1.19145118e-02]
node1135:[  2.99999149e+01   4.84985144e+01   1.20310043e-02]
node1136:[  3.19999144e+01   4.84985147e+01   1.21481309e-02]
node1137:[  3.39999140e+01   4.84985149e+01   1.22658938e-02]
node1138:[  3.59999135e+01   4.84985152e+01   1.23842951e-02]
node1139:[  3.79999130e+01   4.84985155e+01   1.25033370e-02]
node1140:[  3.99999126e+01   4.84985157e+01   1.26230216e-02]
node1141:[  4.19999121e+01   4.84985160e+01   1.27433511e-02]
node1142:[  4.39999116e+01   4.84985163e+01   1.28643276e-02]
node1143:[  4.59999111e+01   4.84985166e+01   1.29859534e-02]
node1144:[  4.79999107e+01   4.84985168e+01   1.31082306e-02]
node1145:[  4.99999102e+01   4.84985171e+01   1.32311614e-02]
node1146:[  5.19999097e+01   4.84985174e+01   1.33547479e-02]
node1147:[  5.39999092e+01   4.84985177e+01   1.34789924e-02]
node1148:[  5.59999087e+01   4.84985179e+01   1.36038971e-02]
node1149:[  5.79999083e+01   4.84985182e+01   1.37294641e-02]
node1150:[  5.99999078e+01   4.84985185e+01   1.38556957e-02]
node1151:[  6.19999073e+01   4.84985188e+01   1.39825941e-02]
node1152:[  6.39999068e+01   4.84985191e+01   1.41101615e-02]
node1153:[  6.59999063e+01   4.84985193e+01   1.42384001e-02]
node1154:[  6.79999058e+01   4.84985196e+01   1.43673122e-02]
node1155:[  6.99999053e+01   4.84985199e+01   1.44968999e-02]
node1156:[  7.19999048e+01   4.84985202e+01   1.46271656e-02]
node1157:[  7.39999043e+01   4.84985205e+01   1.47581114e-02]
node1158:[  7.59999038e+01   4.84985208e+01   1.48897147e-02]
node1159:[  7.79999035e+01   4.84984652e+01   1.49557665e-02]
node1160:[  9.99920563e-01   5.02306073e+01   1.06196945e-02]
node1161:[  2.99992011e+00   5.02306076e+01   1.07290687e-02]
node1162:[  4.99991967e+00   5.02306078e+01   1.08390309e-02]
node1163:[  6.99991922e+00   5.02306081e+01   1.09496050e-02]
node1164:[  8.99991877e+00   5.02306083e+01   1.10607932e-02]
node1165:[  1.09999183e+01   5.02306086e+01   1.11725974e-02]
node1166:[  1.29999179e+01   5.02306088e+01   1.12850199e-02]
node1167:[  1.49999174e+01   5.02306091e+01   1.13980627e-02]
node1168:[  1.69999170e+01   5.02306094e+01   1.15117279e-02]
node1169:[  1.89999165e+01   5.02306096e+01   1.16260177e-02]
node1170:[  2.09999160e+01   5.02306099e+01   1.17409341e-02]
node1171:[  2.29999156e+01   5.02306102e+01   1.18564793e-02]
node1172:[  2.49999151e+01   5.02306104e+01   1.19726555e-02]
node1173:[  2.69999147e+01   5.02306107e+01   1.20894647e-02]
node1174:[  2.89999142e+01   5.02306110e+01   1.22069091e-02]
node1175:[  3.09999137e+01   5.02306112e+01   1.23249909e-02]
node1176:[  3.29999133e+01   5.02306115e+01   1.24437121e-02]
node1177:[  3.49999128e+01   5.02306118e+01   1.25630750e-02]
node1178:[  3.69999123e+01   5.02306120e+01   1.26830817e-02]
node1179:[  3.89999119e+01   5.02306123e+01   1.28037344e-02]
node1180:[  4.09999114e+01   5.02306126e+01   1.29250352e-02]
node1181:[  4.29999109e+01   5.02306129e+01   1.30469863e-02]
node1182:[  4.49999104e+01   5.02306131e+01   1.31695899e-02]
node1183:[  4.69999099e+01   5.02306134e+01   1.32928482e-02]
node1184:[  4.89999095e+01   5.02306137e+01   1.34167634e-02]
node1185:[  5.09999090e+01   5.02306140e+01   1.35413376e-02]
node1186:[  5.29999085e+01   5.02306142e+01   1.36665731e-02]
node1187:[  5.49999080e+01   5.02306145e+01   1.37924721e-02]
node1188:[  5.69999075e+01   5.02306148e+01   1.39190368e-02]
node1189:[  5.89999070e+01   5.02306151e+01   1.40462693e-02]
node1190:[  6.09999066e+01   5.02306154e+01   1.41741719e-02]
node1191:[  6.29999061e+01   5.02306157e+01   1.43027469e-02]
node1192:[  6.49999056e+01   5.02306159e+01   1.44319964e-02]
node1193:[  6.69999051e+01   5.02306162e+01   1.45619228e-02]
node1194:[  6.89999046e+01   5.02306165e+01   1.46925281e-02]
node1195:[  7.09999041e+01   5.02306168e+01   1.48238148e-02]
node1196:[  7.29999036e+01   5.02306171e+01   1.49557850e-02]
node1197:[  7.49999031e+01   5.02306174e+01   1.50884408e-02]
node1198:[  7.69999026e+01   5.02306177e+01   1.52216481e-02]
node1199:[  7.89999514e+01   5.02305334e+01   1.52214471e-02]
node1200:[ -3.99234190e-05   5.19627274e+01   1.07289761e-02]
node1201:[  1.99991944e+00   5.19627045e+01   1.08940765e-02]
node1202:[  3.99991899e+00   5.19627048e+01   1.10049569e-02]
node1203:[  5.99991855e+00   5.19627050e+01   1.11164522e-02]
node1204:[  7.99991809e+00   5.19627053e+01   1.12285648e-02]
node1205:[  9.99991764e+00   5.19627055e+01   1.13412966e-02]
node1206:[  1.19999172e+01   5.19627058e+01   1.14546498e-02]
node1207:[  1.39999167e+01   5.19627061e+01   1.15686264e-02]
node1208:[  1.59999163e+01   5.19627063e+01   1.16832287e-02]
node1209:[  1.79999158e+01   5.19627066e+01   1.17984587e-02]
node1210:[  1.99999154e+01   5.19627068e+01   1.19143185e-02]
node1211:[  2.19999149e+01   5.19627071e+01   1.20308104e-02]
node1212:[  2.39999144e+01   5.19627074e+01   1.21479363e-02]
node1213:[  2.59999140e+01   5.19627077e+01   1.22656986e-02]
node1214:[  2.79999135e+01   5.19627079e+01   1.23840992e-02]
node1215:[  2.99999130e+01   5.19627082e+01   1.25031404e-02]
node1216:[  3.19999126e+01   5.19627085e+01   1.26228244e-02]
node1217:[  3.39999121e+01   5.19627087e+01   1.27431532e-02]
node1218:[  3.59999116e+01   5.19627090e+01   1.28641291e-02]
node1219:[  3.79999111e+01   5.19627093e+01   1.29857542e-02]
node1220:[  3.99999107e+01   5.19627096e+01   1.31080307e-02]
node1221:[  4.19999102e+01   5.19627098e+01   1.32309608e-02]
node1222:[  4.39999097e+01   5.19627101e+01   1.33545467e-02]
node1223:[  4.59999092e+01   5.19627104e+01   1.34787905e-02]
node1224:[  4.79999087e+01   5.19627107e+01   1.36036945e-02]
node1225:[  4.99999083e+01   5.19627109e+01   1.37292609e-02]
node1226:[  5.19999078e+01   5.19627112e+01   1.38554918e-02]
node1227:[  5.39999073e+01   5.19627115e+01   1.39823896e-02]
node1228:[  5.59999068e+01   5.19627118e+01   1.41099563e-02]
node1229:[  5.79999063e+01   5.19627121e+01   1.42381942e-02]
node1230:[  5.99999058e+01   5.19627124e+01   1.43671056e-02]
node1231:[  6.19999053e+01   5.19627126e+01   1.44966926e-02]
node1232:[  6.39999048e+01   5.19627129e+01   1.46269576e-02]
node1233:[  6.59999043e+01   5.19627132e+01   1.47579027e-02]
node1234:[  6.79999038e+01   5.19627135e+01   1.48895303e-02]
node1235:[  6.99999033e+01   5.19627138e+01   1.50218424e-02]
node1236:[  7.19999028e+01   5.19627141e+01   1.51548415e-02]
node1237:[  7.39999023e+01   5.19627144e+01   1.52885298e-02]
node1238:[  7.59999018e+01   5.19627146e+01   1.54228843e-02]
node1239:[  7.79999015e+01   5.19626580e+01   1.54903150e-02]
node1240:[  9.99918780e-01   5.36948021e+01   1.10605827e-02]
node1241:[  2.99991832e+00   5.36948023e+01   1.11724084e-02]
node1242:[  4.99991787e+00   5.36948026e+01   1.12848302e-02]
node1243:[  6.99991742e+00   5.36948029e+01   1.13978723e-02]
node1244:[  8.99991696e+00   5.36948031e+01   1.15115369e-02]
node1245:[  1.09999165e+01   5.36948034e+01   1.16258260e-02]
node1246:[  1.29999160e+01   5.36948036e+01   1.17407418e-02]
node1247:[  1.49999156e+01   5.36948039e+01   1.18562864e-02]
node1248:[  1.69999151e+01   5.36948042e+01   1.19724619e-02]
node1249:[  1.89999147e+01   5.36948044e+01   1.20892705e-02]
node1250:[  2.09999142e+01   5.36948047e+01   1.22067142e-02]
node1251:[  2.29999137e+01   5.36948050e+01   1.23247953e-02]
node1252:[  2.49999133e+01   5.36948053e+01   1.24435159e-02]
node1253:[  2.69999128e+01   5.36948055e+01   1.25628781e-02]
node1254:[  2.89999123e+01   5.36948058e+01   1.26828842e-02]
node1255:[  3.09999119e+01   5.36948061e+01   1.28035362e-02]
node1256:[  3.29999114e+01   5.36948063e+01   1.29248363e-02]
node1257:[  3.49999109e+01   5.36948066e+01   1.30467868e-02]
node1258:[  3.69999104e+01   5.36948069e+01   1.31693897e-02]
node1259:[  3.89999100e+01   5.36948072e+01   1.32926474e-02]
node1260:[  4.09999095e+01   5.36948074e+01   1.34165619e-02]
node1261:[  4.29999090e+01   5.36948077e+01   1.35411354e-02]
node1262:[  4.49999085e+01   5.36948080e+01   1.36663703e-02]
node1263:[  4.69999080e+01   5.36948083e+01   1.37922686e-02]
node1264:[  4.89999075e+01   5.36948086e+01   1.39188325e-02]
node1265:[  5.09999070e+01   5.36948088e+01   1.40460644e-02]
node1266:[  5.29999066e+01   5.36948091e+01   1.41739663e-02]
node1267:[  5.49999061e+01   5.36948094e+01   1.43025406e-02]
node1268:[  5.69999056e+01   5.36948097e+01   1.44317895e-02]
node1269:[  5.89999051e+01   5.36948100e+01   1.45617151e-02]
node1270:[  6.09999046e+01   5.36948103e+01   1.46923198e-02]
node1271:[  6.29999041e+01   5.36948105e+01   1.48236058e-02]
node1272:[  6.49999036e+01   5.36948108e+01   1.49555753e-02]
node1273:[  6.69999031e+01   5.36948111e+01   1.50882305e-02]
node1274:[  6.89999026e+01   5.36948114e+01   1.52215739e-02]
node1275:[  7.09999021e+01   5.36948117e+01   1.53556075e-02]
node1276:[  7.29999016e+01   5.36948120e+01   1.54903337e-02]
node1277:[  7.49999011e+01   5.36948123e+01   1.56257546e-02]
node1278:[  7.69999005e+01   5.36948126e+01   1.57617343e-02]
node1279:[  7.89999504e+01   5.36947265e+01   1.57615306e-02]
node1280:[ -4.08177142e-05   5.54269237e+01   1.11723145e-02]
node1281:[  1.99991764e+00   5.54269003e+01   1.13411065e-02]
node1282:[  3.99991719e+00   5.54269006e+01   1.14544591e-02]
node1283:[  5.99991673e+00   5.54269008e+01   1.15684351e-02]
node1284:[  7.99991628e+00   5.54269011e+01   1.16830367e-02]
node1285:[  9.99991582e+00   5.54269014e+01   1.17982661e-02]
node1286:[  1.19999154e+01   5.54269016e+01   1.19141253e-02]
node1287:[  1.39999149e+01   5.54269019e+01   1.20306164e-02]
node1288:[  1.59999144e+01   5.54269022e+01   1.21477417e-02]
node1289:[  1.79999140e+01   5.54269024e+01   1.22655033e-02]
node1290:[  1.99999135e+01   5.54269027e+01   1.23839033e-02]
node1291:[  2.19999130e+01   5.54269030e+01   1.25029439e-02]
node1292:[  2.39999126e+01   5.54269032e+01   1.26226272e-02]
node1293:[  2.59999121e+01   5.54269035e+01   1.27429553e-02]
node1294:[  2.79999116e+01   5.54269038e+01   1.28639306e-02]
node1295:[  2.99999111e+01   5.54269041e+01   1.29855550e-02]
node1296:[  3.19999107e+01   5.54269043e+01   1.31078309e-02]
node1297:[  3.39999102e+01   5.54269046e+01   1.32307603e-02]
node1298:[  3.59999097e+01   5.54269049e+01   1.33543455e-02]
node1299:[  3.79999092e+01   5.54269052e+01   1.34785887e-02]
node1300:[  3.99999087e+01   5.54269054e+01   1.36034920e-02]
node1301:[  4.19999083e+01   5.54269057e+01   1.37290577e-02]
node1302:[  4.39999078e+01   5.54269060e+01   1.38552879e-02]
node1303:[  4.59999073e+01   5.54269063e+01   1.39821850e-02]
node1304:[  4.79999068e+01   5.54269066e+01   1.41097510e-02]
node1305:[  4.99999063e+01   5.54269068e+01   1.42379883e-02]
node1306:[  5.19999058e+01   5.54269071e+01   1.43668990e-02]
node1307:[  5.39999053e+01   5.54269074e+01   1.44964853e-02]
node1308:[  5.59999048e+01   5.54269077e+01   1.46267496e-02]
node1309:[  5.79999043e+01   5.54269080e+01   1.47576941e-02]
node1310:[  5.99999038e+01   5.54269083e+01   1.48893209e-02]
node1311:[  6.19999033e+01   5.54269086e+01   1.50216324e-02]
node1312:[  6.39999028e+01   5.54269089e+01   1.51546308e-02]
node1313:[  6.59999023e+01   5.54269091e+01   1.52883184e-02]
node1314:[  6.79999018e+01   5.54269094e+01   1.54226974e-02]
node1315:[  6.99999013e+01   5.54269097e+01   1.55577701e-02]
node1316:[  7.19999008e+01   5.54269100e+01   1.56935388e-02]
node1317:[  7.39999003e+01   5.54269103e+01   1.58300058e-02]
node1318:[  7.59998998e+01   5.54269106e+01   1.59671478e-02]
node1319:[  7.79998995e+01   5.54268528e+01   1.60359756e-02]
node1320:[  9.99916972e-01   5.71589989e+01   1.15113235e-02]
node1321:[  2.99991651e+00   5.71589992e+01   1.16256344e-02]
node1322:[  4.99991605e+00   5.71589995e+01   1.17405495e-02]
node1323:[  6.99991559e+00   5.71589997e+01   1.18560935e-02]
node1324:[  8.99991513e+00   5.71590000e+01   1.19722683e-02]
node1325:[  1.09999147e+01   5.71590003e+01   1.20890762e-02]
node1326:[  1.29999142e+01   5.71590005e+01   1.22065193e-02]
node1327:[  1.49999137e+01   5.71590008e+01   1.23245997e-02]
node1328:[  1.69999133e+01   5.71590011e+01   1.24433197e-02]
node1329:[  1.89999128e+01   5.71590013e+01   1.25626812e-02]
node1330:[  2.09999123e+01   5.71590016e+01   1.26826866e-02]
node1331:[  2.29999119e+01   5.71590019e+01   1.28033380e-02]
node1332:[  2.49999114e+01   5.71590022e+01   1.29246374e-02]
node1333:[  2.69999109e+01   5.71590024e+01   1.30465872e-02]
node1334:[  2.89999104e+01   5.71590027e+01   1.31691895e-02]
node1335:[  3.09999100e+01   5.71590030e+01   1.32924465e-02]
node1336:[  3.29999095e+01   5.71590033e+01   1.34163603e-02]
node1337:[  3.49999090e+01   5.71590035e+01   1.35409332e-02]
node1338:[  3.69999085e+01   5.71590038e+01   1.36661674e-02]
node1339:[  3.89999080e+01   5.71590041e+01   1.37920650e-02]
node1340:[  4.09999075e+01   5.71590044e+01   1.39186283e-02]
node1341:[  4.29999070e+01   5.71590047e+01   1.40458595e-02]
node1342:[  4.49999066e+01   5.71590049e+01   1.41737607e-02]
node1343:[  4.69999061e+01   5.71590052e+01   1.43023344e-02]
node1344:[  4.89999056e+01   5.71590055e+01   1.44315825e-02]
node1345:[  5.09999051e+01   5.71590058e+01   1.45615075e-02]
node1346:[  5.29999046e+01   5.71590061e+01   1.46921115e-02]
node1347:[  5.49999041e+01   5.71590064e+01   1.48233968e-02]
node1348:[  5.69999036e+01   5.71590067e+01   1.49553656e-02]
node1349:[  5.89999031e+01   5.71590069e+01   1.50880202e-02]
node1350:[  6.09999026e+01   5.71590072e+01   1.52213628e-02]
node1351:[  6.29999021e+01   5.71590075e+01   1.53553957e-02]
node1352:[  6.49999016e+01   5.71590078e+01   1.54901212e-02]
node1353:[  6.69999011e+01   5.71590081e+01   1.56255416e-02]
node1354:[  6.89999006e+01   5.71590084e+01   1.57616590e-02]
node1355:[  7.09999000e+01   5.71590087e+01   1.58984759e-02]
node1356:[  7.29998995e+01   5.71590090e+01   1.60359945e-02]
node1357:[  7.49998990e+01   5.71590093e+01   1.61742170e-02]
node1358:[  7.69998985e+01   5.71590096e+01   1.63130056e-02]
node1359:[  7.89999493e+01   5.71589218e+01   1.63127991e-02]
node1360:[ -4.17970948e-05   5.88911219e+01   1.16254838e-02]
node1361:[  1.99991578e+00   5.88910977e+01   1.17980711e-02]
node1362:[  3.99991536e+00   5.88910979e+01   1.19139320e-02]
node1363:[  5.99991490e+00   5.88910982e+01   1.20304226e-02]
node1364:[  7.99991443e+00   5.88910984e+01   1.21475472e-02]
node1365:[  9.99991397e+00   5.88910987e+01   1.22653081e-02]
node1366:[  1.19999135e+01   5.88910990e+01   1.23837075e-02]
node1367:[  1.39999130e+01   5.88910992e+01   1.25027474e-02]
node1368:[  1.59999126e+01   5.88910995e+01   1.26224300e-02]
node1369:[  1.79999121e+01   5.88910998e+01   1.27427575e-02]
node1370:[  1.99999116e+01   5.88911001e+01   1.28637321e-02]
node1371:[  2.19999111e+01   5.88911003e+01   1.29853558e-02]
node1372:[  2.39999107e+01   5.88911006e+01   1.31076310e-02]
node1373:[  2.59999102e+01   5.88911009e+01   1.32305598e-02]
node1374:[  2.79999097e+01   5.88911012e+01   1.33541443e-02]
node1375:[  2.99999092e+01   5.88911014e+01   1.34783868e-02]
node1376:[  3.19999088e+01   5.88911017e+01   1.36032895e-02]
node1377:[  3.39999083e+01   5.88911020e+01   1.37288545e-02]
node1378:[  3.59999078e+01   5.88911023e+01   1.38550841e-02]
node1379:[  3.79999073e+01   5.88911026e+01   1.39819804e-02]
node1380:[  3.99999068e+01   5.88911028e+01   1.41095458e-02]
node1381:[  4.19999063e+01   5.88911031e+01   1.42377824e-02]
node1382:[  4.39999058e+01   5.88911034e+01   1.43666924e-02]
node1383:[  4.59999053e+01   5.88911037e+01   1.44962781e-02]
node1384:[  4.79999048e+01   5.88911040e+01   1.46265417e-02]
node1385:[  4.99999043e+01   5.88911043e+01   1.47574854e-02]
node1386:[  5.19999038e+01   5.88911045e+01   1.48891116e-02]
node1387:[  5.39999033e+01   5.88911048e+01   1.50214224e-02]
node1388:[  5.59999028e+01   5.88911051e+01   1.51544201e-02]
node1389:[  5.79999023e+01   5.88911054e+01   1.52881070e-02]
node1390:[  5.99999018e+01   5.88911057e+01   1.54224853e-02]
node1391:[  6.19999013e+01   5.88911060e+01   1.55575573e-02]
node1392:[  6.39999008e+01   5.88911063e+01   1.56933253e-02]
node1393:[  6.59999003e+01   5.88911066e+01   1.58297916e-02]
node1394:[  6.79998998e+01   5.88911069e+01   1.59669585e-02]
node1395:[  6.99998993e+01   5.88911072e+01   1.61048282e-02]
node1396:[  7.19998988e+01   5.88911075e+01   1.62434030e-02]
node1397:[  7.39998982e+01   5.88911078e+01   1.63826853e-02]
node1398:[  7.59998977e+01   5.88911081e+01   1.65226514e-02]
node1399:[  7.79998975e+01   5.88910492e+01   1.65928886e-02]
node1400:[  9.99934788e-01   6.06233102e+01   1.19705330e-02]
node1401:[  2.99991472e+00   6.06233444e+01   1.20888312e-02]
node1402:[  4.99991426e+00   6.06233447e+01   1.22062724e-02]
node1403:[  6.99991379e+00   6.06233449e+01   1.23243510e-02]
node1404:[  8.99991333e+00   6.06233452e+01   1.24430690e-02]
node1405:[  1.09999129e+01   6.06233455e+01   1.25624287e-02]
node1406:[  1.29999124e+01   6.06233458e+01   1.26824321e-02]
node1407:[  1.49999119e+01   6.06233460e+01   1.28030816e-02]
node1408:[  1.69999114e+01   6.06233463e+01   1.29243791e-02]
node1409:[  1.89999110e+01   6.06233466e+01   1.30463270e-02]
node1410:[  2.09999105e+01   6.06233469e+01   1.31689274e-02]
node1411:[  2.29999100e+01   6.06233471e+01   1.32921824e-02]
node1412:[  2.49999095e+01   6.06233474e+01   1.34160943e-02]
node1413:[  2.69999091e+01   6.06233477e+01   1.35406652e-02]
node1414:[  2.89999086e+01   6.06233480e+01   1.36658974e-02]
node1415:[  3.09999081e+01   6.06233482e+01   1.37917930e-02]
node1416:[  3.29999076e+01   6.06233485e+01   1.39183543e-02]
node1417:[  3.49999071e+01   6.06233488e+01   1.40455835e-02]
node1418:[  3.69999066e+01   6.06233491e+01   1.41734828e-02]
node1419:[  3.89999061e+01   6.06233494e+01   1.43020544e-02]
node1420:[  4.09999056e+01   6.06233497e+01   1.44313005e-02]
node1421:[  4.29999051e+01   6.06233499e+01   1.45612234e-02]
node1422:[  4.49999047e+01   6.06233502e+01   1.46918254e-02]
node1423:[  4.69999042e+01   6.06233505e+01   1.48231086e-02]
node1424:[  4.89999037e+01   6.06233508e+01   1.49550754e-02]
node1425:[  5.09999032e+01   6.06233511e+01   1.50877279e-02]
node1426:[  5.29999027e+01   6.06233514e+01   1.52210685e-02]
node1427:[  5.49999022e+01   6.06233517e+01   1.53550993e-02]
node1428:[  5.69999016e+01   6.06233520e+01   1.54898227e-02]
node1429:[  5.89999011e+01   6.06233523e+01   1.56252410e-02]
node1430:[  6.09999006e+01   6.06233525e+01   1.57613564e-02]
node1431:[  6.29999001e+01   6.06233528e+01   1.58981711e-02]
node1432:[  6.49998996e+01   6.06233531e+01   1.60356876e-02]
node1433:[  6.69998991e+01   6.06233534e+01   1.61739081e-02]
node1434:[  6.89998986e+01   6.06233537e+01   1.63128349e-02]
node1435:[  7.09998981e+01   6.06233540e+01   1.64524702e-02]
node1436:[  7.29998975e+01   6.06233543e+01   1.65928165e-02]
node1437:[  7.49998970e+01   6.06233546e+01   1.67338758e-02]
node1438:[  7.69998965e+01   6.06233550e+01   1.68755689e-02]
node1439:[  7.89999343e+01   6.06231921e+01   1.68511686e-02]
node1440:[ -1.55042715e-03   6.23474066e+01   9.37846216e-03]
node1441:[  1.99995731e+00   6.23393964e+01   1.21829320e-02]
node1442:[  3.99995708e+00   6.23393967e+01   1.23005440e-02]
node1443:[  5.99995685e+00   6.23393970e+01   1.24187927e-02]
node1444:[  7.99995661e+00   6.23393972e+01   1.25376805e-02]
node1445:[  9.99995638e+00   6.23393975e+01   1.26572093e-02]
node1446:[  1.19999561e+01   6.23393978e+01   1.27773813e-02]
node1447:[  1.39999559e+01   6.23393981e+01   1.28981988e-02]
node1448:[  1.59999557e+01   6.23393983e+01   1.30196638e-02]
node1449:[  1.79999554e+01   6.23393986e+01   1.31417786e-02]
node1450:[  1.99999552e+01   6.23393989e+01   1.32645453e-02]
node1451:[  2.19999550e+01   6.23393992e+01   1.33879661e-02]
node1452:[  2.39999547e+01   6.23393994e+01   1.35120432e-02]
node1453:[  2.59999545e+01   6.23393997e+01   1.36367787e-02]
node1454:[  2.79999542e+01   6.23394000e+01   1.37621750e-02]
node1455:[  2.99999540e+01   6.23394003e+01   1.38882341e-02]
node1456:[  3.19999537e+01   6.23394006e+01   1.40149583e-02]
node1457:[  3.39999535e+01   6.23394008e+01   1.41423498e-02]
node1458:[  3.59999533e+01   6.23394011e+01   1.42704108e-02]
node1459:[  3.79999530e+01   6.23394014e+01   1.43991435e-02]
node1460:[  3.99999528e+01   6.23394017e+01   1.45285502e-02]
node1461:[  4.19999525e+01   6.23394020e+01   1.46586330e-02]
node1462:[  4.39999523e+01   6.23394023e+01   1.47893943e-02]
node1463:[  4.59999520e+01   6.23394026e+01   1.49208362e-02]
node1464:[  4.79999518e+01   6.23394028e+01   1.50529610e-02]
node1465:[  4.99999515e+01   6.23394031e+01   1.51857710e-02]
node1466:[  5.19999513e+01   6.23394034e+01   1.53192684e-02]
node1467:[  5.39999510e+01   6.23394037e+01   1.54534554e-02]
node1468:[  5.59999508e+01   6.23394040e+01   1.55883344e-02]
node1469:[  5.79999505e+01   6.23394043e+01   1.57239076e-02]
node1470:[  5.99999503e+01   6.23394046e+01   1.58601772e-02]
node1471:[  6.19999500e+01   6.23394049e+01   1.59971457e-02]
node1472:[  6.39999498e+01   6.23394052e+01   1.61348151e-02]
node1473:[  6.59999495e+01   6.23394055e+01   1.62731879e-02]
node1474:[  6.79999492e+01   6.23394058e+01   1.64122664e-02]
node1475:[  6.99999490e+01   6.23394061e+01   1.65520528e-02]
node1476:[  7.19999487e+01   6.23394064e+01   1.66925494e-02]
node1477:[  7.39999485e+01   6.23394067e+01   1.68337585e-02]
node1478:[  7.59999482e+01   6.23394070e+01   1.69756567e-02]
node1479:[  7.79999481e+01   6.23393469e+01   1.70467718e-02]
node1480:[  1.00000000e+00   6.44108800e+01   1.30264193e-06]
node1481:[  3.00000000e+00   6.44108800e+01   1.30264193e-06]
node1482:[  5.00000000e+00   6.44108800e+01   1.30264193e-06]
node1483:[  7.00000000e+00   6.44108800e+01   1.30264193e-06]
node1484:[  9.00000000e+00   6.44108800e+01   1.30264193e-06]
node1485:[  1.10000000e+01   6.44108800e+01   1.30264193e-06]
node1486:[  1.30000000e+01   6.44108800e+01   1.30264193e-06]
node1487:[  1.50000000e+01   6.44108800e+01   1.30264193e-06]
node1488:[  1.70000000e+01   6.44108800e+01   1.30264193e-06]
node1489:[  1.90000000e+01   6.44108800e+01   1.30264193e-06]
node1490:[  2.10000000e+01   6.44108800e+01   1.30264193e-06]
node1491:[  2.30000000e+01   6.44108800e+01   1.30264193e-06]
node1492:[  2.50000000e+01   6.44108800e+01   1.30264193e-06]
node1493:[  2.70000000e+01   6.44108800e+01   1.30264193e-06]
node1494:[  2.90000000e+01   6.44108800e+01   1.30264193e-06]
node1495:[  3.10000000e+01   6.44108800e+01   1.30264193e-06]
node1496:[  3.30000000e+01   6.44108800e+01   1.30264193e-06]
node1497:[  3.50000000e+01   6.44108800e+01   1.30264193e-06]
node1498:[  3.70000000e+01   6.44108800e+01   1.30264193e-06]
node1499:[  3.90000000e+01   6.44108800e+01   1.30264193e-06]
node1500:[  4.10000000e+01   6.44108800e+01   1.30264193e-06]
node1501:[  4.30000000e+01   6.44108800e+01   1.30264193e-06]
node1502:[  4.50000000e+01   6.44108800e+01   1.30264193e-06]
node1503:[  4.70000000e+01   6.44108800e+01   1.30264193e-06]
node1504:[  4.90000000e+01   6.44108800e+01   1.30264193e-06]
node1505:[  5.10000000e+01   6.44108800e+01   1.30264193e-06]
node1506:[  5.30000000e+01   6.44108800e+01   1.30264193e-06]
node1507:[  5.50000000e+01   6.44108800e+01   1.30264193e-06]
node1508:[  5.70000000e+01   6.44108800e+01   1.30264193e-06]
node1509:[  5.90000000e+01   6.44108800e+01   1.30264193e-06]
node1510:[  6.10000000e+01   6.44108800e+01   1.30264193e-06]
node1511:[  6.30000000e+01   6.44108800e+01   1.30264193e-06]
node1512:[  6.50000000e+01   6.44108800e+01   1.30264193e-06]
node1513:[  6.70000000e+01   6.44108800e+01   1.30264193e-06]
node1514:[  6.90000000e+01   6.44108800e+01   1.30264193e-06]
node1515:[  7.10000000e+01   6.44108800e+01   1.30264193e-06]
node1516:[  7.30000000e+01   6.44108800e+01   1.30264193e-06]
node1517:[  7.50000000e+01   6.44108800e+01   1.30264193e-06]
node1518:[  7.70000000e+01   6.44108800e+01   1.30264193e-06]
node1519:[  7.90000000e+01   6.44108800e+01   1.30264193e-06]
